1798921644056770  19.1875  -9.4375  -28.3125
1798921664056770  22.75  -9.9375  -27.4375
1798921684055208  19.8125  -10.875  -29.875
1798921704056770  21.1875  -11.5  -31.4375
1798921724056770  21.9375  -11.5  -30.625
1798921744055208  20.5625  -10.8125  -30.6875
1798921764056770  18.3125  -11.875  -26.625
1798921784056770  17.0  -10.375  -27.4375
1798921804056770  20.625  -9.375  -26.6875
1798921824056770  20.375  -13.1875  -28.1875
1798921844056770  19.8125  -10.875  -29.875
1798921864056770  17.75  -10.25  -29.875
1798921884056770  19.125  -10.9375  -29.875
1798921904056770  17.6875  -11.0625  -29.0625
1798921924056770  19.0  -12.5  -28.1875
1798921944055208  16.3125  -9.625  -30.6875
1798921964056770  17.5  -13.375  -29.8125
1798921984056770  16.75  -14.1875  -29.8125
1798922004056770  16.875  -11.875  -29.0625
1798922024056770  16.25  -11.1875  -29.875
1798922044056770  17.0  -10.375  -28.25
1798922064056770  16.0625  -13.5  -28.1875
1798922084055208  15.5  -11.25  -28.25
1798922104056770  16.875  -11.9375  -27.4375
1798922124056770  14.75  -12.0625  -28.25
1798922144056770  19.75  -11.6875  -28.25
1798922164056770  20.5  -11.625  -29.0625
1798922184056770  16.9375  -11.1875  -27.4375
1798922204055208  14.6875  -12.8125  -29.0
1798922224056770  17.625  -11.8125  -29.0625
1798922244056770  16.9375  -11.125  -28.25
1798922264056770  17.4375  -14.125  -30.625
1798922284055208  18.875  -14.9375  -24.125
1798922304056770  19.75  -11.8125  -24.1875
1798922324056770  19.875  -10.25  -25.0625
1798922344056770  20.5625  -10.9375  -25.8125
1798922364056770  18.4375  -10.375  -24.25
1798922384056770  22.0  -10.0625  -25.875
1798922404058333  22.0  -10.8125  -26.625
1798922424056770  21.6875  -4.75  -24.375
1798922444056770  21.0625  -14.0  -23.3125
1798922464056770  20.125  -17.0625  -28.125
1798922484056770  22.6875  -10.75  -25.8125
1798922504056770  23.4375  -9.9375  -25.8125
1798922524056770  24.125  -10.6875  -24.1875
1798922544056770  22.6875  -10.8125  -23.4375
1798922564056770  23.1875  -13.875  -22.5
1798922584056770  19.6875  -13.3125  -26.5625
1798922604056770  21.0625  -13.9375  -26.5625
1798922624056770  18.375  -11.0625  -25.8125
1798922644056770  19.0  -12.625  -25.0
1798922664056770  16.0625  -13.5625  -26.5625
1798922684056770  19.0  -12.5  -28.1875
1798922704056770  17.5  -13.375  -30.625
1798922724056770  10.3125  -13.8125  -32.25
1798922744058333  6.75  -14.125  -31.4375
1798922764056770  9.4375  -16.9375  -34.5625
1798922784056770  6.3125  -20.1875  -35.3125
1798922804058333  -1.1875  -26.125  -35.1875
1798922824056770  -3.9375  -24.75  -37.625
1798922844056770  -6.75  -24.25  -36.0625
1798922864056770  -12.75  -27.75  -35.1875
1798922884056770  -19.25  -29.75  -35.9375
1798922904056770  -23.1875  -34.625  -37.5
1798922924056770  -28.25  -35.75  -37.4375
1798922944058333  -30.0  -29.8125  -33.5625
1798922964055208  -29.5625  -34.375  -35.0625
1798922984056770  -33.75  -32.3125  -37.5625
1798923004056770  -32.625  -37.75  -31.0
1798923024056770  -36.0  -34.875  -31.875
1798923044056770  -38.9375  -35.875  -31.875
1798923064056770  -38.8125  -34.3125  -32.6875
1798923084056770  -41.125  -36.875  -29.4375
1798923104056770  -37.4375  -35.0625  -30.25
1798923124056770  -40.5625  -39.0625  -32.5625
1798923144056770  -40.0  -30.6875  -27.9375
1798923164056770  -38.5625  -30.5625  -28.75
1798923184056770  -36.6875  -34.25  -28.6875
1798923204056770  -36.9375  -38.0625  -31.8125
1798923224056770  -38.75  -33.6875  -27.0625
1798923244056770  -38.75  -32.875  -27.875
1798923264056770  -38.0  -32.875  -25.5
1798923284056770  -40.125  -32.25  -27.125
1798923304056770  -44.25  -30.25  -26.375
1798923324056770  -41.25  -27.6875  -28.0
1798923344056770  -38.25  -25.9375  -27.25
1798923364056770  -39.75  -26.875  -26.4375
1798923384056770  -34.5625  -24.125  -28.0625
1798923404056770  -33.5625  -19.4375  -28.1875
1798923424056770  -38.6875  -22.125  -27.375
1798923444056770  -39.5625  -23.6875  -28.9375
1798923464056770  -39.5625  -24.4375  -29.6875
1798923484056770  -42.625  -27.0  -30.4375
1798923504056770  -39.875  -28.3125  -29.625
1798923524055208  -39.6875  -26.0  -30.5
1798923544056770  -36.3125  -28.75  -32.0
1798923564056770  -36.1875  -26.5  -30.4375
1798923584056770  -34.9375  -29.4375  -32.8125
1798923604056770  -34.125  -27.8125  -32.8125
1798923624056770  -32.0  -28.4375  -34.4375
1798923644056770  -30.6875  -29.875  -33.5625
1798923664056770  -33.375  -27.75  -34.4375
1798923684056770  -34.8125  -27.8125  -36.0625
1798923704056770  -31.9375  -26.9375  -32.0625
1798923724056770  -34.75  -27.125  -31.25
1798923744056770  -35.3125  -24.875  -32.125
1798923764056770  -35.8125  -21.0625  -30.5625
1798923784056770  -35.8125  -21.125  -29.75
1798923804056770  -35.75  -20.25  -33.0
1798923824056770  -35.8125  -21.125  -29.75
1798923844056770  -37.8125  -19.6875  -31.4375
1798923864056770  -37.4375  -24.3125  -30.5
1798923884056770  -37.25  -21.1875  -29.8125
1798923904056770  -39.5  -23.75  -28.125
1798923924056770  -39.5625  -23.6875  -29.75
1798923944056770  -39.6875  -26.0  -30.5
1798923964056770  -38.4375  -28.1875  -29.625
1798923984056770  -39.125  -28.3125  -28.8125
1798924004056770  -40.6875  -29.875  -30.375
1798924024056770  -38.4375  -29.0  -29.625
1798924044056770  -40.625  -29.125  -29.625
1798924064056770  -39.3125  -30.625  -27.9375
1798924084056770  -37.875  -31.25  -28.75
1798924104056770  -40.0625  -31.375  -30.375
1798924124055208  -40.125  -32.1875  -28.6875
1798924144056770  -39.4375  -32.875  -29.5
1798924164056770  -38.75  -33.625  -28.6875
1798924184056770  -39.3125  -30.625  -27.9375
1798924204055208  -42.9375  -31.625  -28.75
1798924224056770  -40.0625  -31.4375  -27.9375
1798924244056770  -43.5625  -30.9375  -27.9375
1798924264056770  -39.8125  -27.625  -27.1875
1798924284056770  -42.6875  -28.625  -25.5625
1798924304056770  -44.6875  -26.4375  -27.25
1798924324056770  -43.25  -26.375  -24.0625
1798924344056770  -42.6875  -28.5625  -28.8125
1798924364056770  -42.6875  -28.625  -24.8125
1798924384055208  -42.5625  -26.3125  -24.0625
1798924404055208  -47.0625  -29.75  -24.75
1798924424056770  -47.75  -29.8125  -23.1875
1798924444056770  -45.625  -29.6875  -22.375
1798924464055208  -46.9375  -28.25  -22.375
1798924484056770  -45.625  -29.6875  -23.125
1798924504056770  -47.75  -29.0625  -23.1875
1798924524055208  -44.9375  -30.4375  -20.6875
1798924544056770  -48.5  -29.9375  -20.75
1798924564056770  -48.4375  -29.1875  -19.9375
1798924584056770  -47.75  -29.125  -19.9375
1798924604056770  -47.9375  -32.25  -18.25
1798924624056770  -47.8125  -30.6875  -19.125
1798924644056770  -48.0  -33.0  -17.4375
1798924664056770  -52.25  -32.625  -15.875
1798924684056770  -52.125  -31.125  -14.25
1798924704056770  -50.5625  -29.5  -12.6875
1798924724056770  -49.8125  -28.6875  -12.6875
1798924744056770  -48.375  -28.5625  -11.9375
1798924764056770  -50.1875  -24.125  -10.4375
1798924784056770  -50.3125  -25.6875  -10.375
1798924804055208  -49.5625  -24.9375  -7.1875
1798924824056770  -50.3125  -25.75  -7.9375
1798924844056770  -52.125  -31.1875  -11.0625
1798924864055208  -48.5  -30.1875  -9.4375
1798924884056770  -49.3125  -21.875  -5.625
1798924904056770  -52.375  -24.25  -11.25
1798924924056770  -48.0625  -24.0  -9.625
1798924944055208  -47.5  -26.3125  -7.125
1798924964056770  -46.75  -25.5  -7.125
1798924984056770  -50.0625  -11.875  -8.3125
1798925004056770  -48.8125  -14.125  -5.8125
1798925024056770  -48.5  -20.125  -12.125
1798925044055208  -40.0625  -21.9375  -8.0
1798925064056770  -39.1875  -30.1875  -13.4375
1798925084055208  -43.3125  -27.4375  -12.75
1798925104056770  -44.625  -26.0625  -10.375
1798925124056770  -42.125  -31.125  -15.875
1798925144056770  -43.375  -28.25  -10.3125
1798925164056770  -40.625  -29.5625  -10.25
1798925184056770  -39.875  -29.4375  -13.5
1798925204056770  -39.375  -21.75  -12.0625
1798925224056770  -44.0  -16.8125  -9.75
1798925244056770  -43.9375  -16.125  -4.9375
1798925264056770  -43.625  -21.4375  -6.4375
1798925284056770  -45.0  -20.75  -8.0625
1798925304056770  -42.75  -19.875  -5.6875
1798925324056770  -40.6875  -20.5  -4.8125
1798925344056770  -40.125  -22.75  -3.9375
1798925364056770  -41.625  -23.625  -5.5625
1798925384056770  -41.625  -23.625  -3.9375
1798925404058333  -42.1875  -22.125  -4.8125
1798925424056770  -42.25  -22.9375  -3.1875
1798925444056770  -41.875  -17.5625  -2.5
1798925464056770  -43.875  -25.375  -3.125
1798925484056770  -41.6875  -25.25  -2.3125
1798925504056770  -40.8125  -22.875  -3.1875
1798925524056770  -39.25  -20.5  -0.8125
1798925544056770  -41.625  -23.625  -3.9375
1798925564056770  -42.3125  -23.6875  -4.75
1798925584056770  -42.3125  -23.6875  -4.75
1798925604056770  -39.4375  -23.5  -3.125
1798925624056770  -39.375  -22.0  -3.1875
1798925644056770  -41.5625  -12.9375  -1.8125
1798925664056770  -42.0  -8.4375  0.5
1798925684056770  -41.5  -12.1875  -2.625
1798925704056770  -41.75  -15.25  -1.75
1798925724056770  -42.375  -14.5  -2.5625
1798925744056770  -41.625  -13.75  -0.9375
1798925764056770  -36.125  -16.4375  1.5625
1798925784056770  -35.5625  -18.625  -1.625
1798925804056770  -33.75  -23.875  -3.125
1798925824056770  -33.75  -23.0625  -4.75
1798925844055208  -32.625  -17.75  1.5625
1798925864056770  -32.5  -26.125  -0.625
1798925884055208  -31.9375  -18.4375  1.625
1798925904055208  -31.9375  -18.4375  0.0
1798925924056770  -29.625  -15.1875  0.6875
1798925944056770  -30.0625  -11.375  0.625
1798925964056770  -26.5  -11.1875  2.25
1798925984056770  -27.25  -11.9375  0.625
1798926004055208  -26.9375  -7.3125  0.5625
1798926024056770  -25.5  -7.25  1.3125
1798926044056770  -24.25  0.625  -2.0625
1798926064055208  -25.125  -11.75  -0.1875
1798926084056770  -19.25  -41.0  -12.3125
1798926104055208  -24.625  -15.4375  -8.125
1798926124056770  -20.5625  -8.3125  -1.8125
1798926144056770  -20.625  -9.0625  -4.25
1798926164056770  -20.0  -10.5625  -4.1875
1798926184055208  -18.3125  -6.625  -3.5
1798926204056770  -16.9375  -7.25  -4.25
1798926224055208  -18.0625  -13.4375  -5.75
1798926244056770  -18.0  -11.9375  -5.0
1798926264056770  -19.25  -9.6875  -5.0
1798926284056770  -19.6875  -5.1875  -2.75
1798926304056770  -21.8125  -5.3125  -4.3125
1798926324056770  -19.625  -4.4375  -2.75
1798926344056770  -19.8125  -7.4375  -5.0625
1798926364056770  -19.6875  -5.9375  -4.3125
1798926384056770  -19.6875  -5.9375  -2.6875
1798926404056770  -19.8125  -7.4375  -5.875
1798926424056770  -19.8125  -7.4375  -6.6875
1798926444055208  -20.5625  -8.25  -5.0625
1798926464056770  -20.5  -6.6875  -6.6875
1798926484056770  -22.75  -8.4375  -3.4375
1798926504055208  -21.75  -4.5  -5.1875
1798926524055208  -19.875  -8.1875  -5.875
1798926544056770  -22.6875  -7.625  -5.875
1798926564055208  -21.4375  -9.8125  -6.625
1798926584055208  -22.0  -7.5625  -5.875
1798926604056770  -19.75  -6.625  -7.5
1798926624056770  -19.8125  -7.4375  -6.6875
1798926644055208  -19.6875  -5.0625  -7.5625
1798926664056770  -21.9375  -6.75  -8.3125
1798926684056770  -20.0  -9.75  -6.625
1798926704056770  -20.4375  -5.8125  -9.9375
1798926724056770  -21.4375  -9.8125  -7.4375
1798926744056770  -21.4375  -9.75  -9.875
1798926764056770  -21.25  -7.4375  -9.125
1798926784056770  -20.5  -6.625  -8.3125
1798926804056770  -21.125  -5.125  -10.0
1798926824056770  -19.0625  -6.5625  -8.3125
1798926844056770  -19.8125  -7.3125  -10.75
1798926864056770  -21.1875  -6.625  -11.5625
1798926884056770  -20.5625  -7.375  -11.5625
1798926904056770  -19.75  -5.6875  -13.1875
1798926924055208  -17.8125  -9.375  -13.875
1798926944056770  -20.6875  -9.625  -14.6875
1798926964056770  -21.375  -8.875  -13.9375
1798926984056770  -20.8125  -11.125  -14.6875
1798927004055208  -21.4375  -9.5625  -17.9375
1798927024055208  -18.6875  -10.9375  -16.25
1798927044055208  -17.1875  -10.0  -18.6875
1798927064055208  -16.75  -14.5625  -20.1875
1798927084055208  -17.625  -16.1875  -19.375
1798927104055208  -18.625  -20.8125  -22.5
1798927124055208  -20.1875  -22.5  -18.4375
1798927144055208  -21.125  -15.625  -20.1875
1798927164056770  -19.5  -12.5  -19.4375
1798927184055208  -18.5625  -9.375  -17.9375
1798927204056770  -17.9375  -10.875  -16.25
1798927224056770  -17.375  -13.1875  -13.8125
1798927244056770  -17.25  -10.875  -13.875
1798927264055208  -14.125  -7.625  -12.3125
1798927284056770  -13.6875  -11.5  -9.8125
1798927304056770  -11.625  -12.9375  -7.3125
1798927324056770  -11.875  -16.0625  -6.4375
1798927344056770  -9.5  -23.5625  -7.0625
1798927364056770  -11.1875  -16.75  -6.4375
1798927384056770  -8.6875  -11.375  -0.125
1798927404056770  -13.5  -9.5  3.875
1798927424056770  -16.6875  -3.625  6.9375
1798927444056770  -16.375  0.875  13.25
1798927464056770  -17.5625  3.75  15.625
1798927484056770  -15.4375  3.875  18.0
1798927504056770  -15.1875  6.8125  24.375
1798927524055208  -14.625  5.25  27.6875
1798927544056770  -11.6875  6.25  26.8125
1798927564056770  -12.1875  9.3125  26.75
1798927584056770  -18.0  7.3125  28.4375
1798927604056770  -15.875  7.4375  29.1875
1798927624056770  -15.1875  6.6875  29.25
1798927644056770  -12.0625  0.875  27.0
1798927664055208  -8.8125  -4.25  24.6875
1798927684056770  -5.1875  -13.125  23.3125
1798927704056770  -1.25  -19.0625  25.875
1798927724055208  -1.375  -20.5625  23.5
1798927744055208  -1.25  -19.0  23.4375
1798927764056770  -6.5  -11.6875  20.875
1798927784056770  -7.125  -0.3125  26.1875
1798927804055208  -9.1875  1.0  29.375
1798927824056770  -5.25  -4.0  25.5
1798927844056770  -2.3125  -13.0  26.5625
1798927864056770  1.4375  -21.125  22.6875
1798927884056770  -0.3125  -15.0  20.125
1798927904056770  -15.1875  6.8125  24.375
1798927924056770  -21.1875  13.25  25.0
1798927944056770  -19.0  3.5  22.875
1798927964056770  -15.75  -21.4375  14.625
1798927984056770  -17.25  -12.25  11.9375
1798928004056770  -18.8125  -3.9375  11.75
1798928024056770  -18.375  3.0  12.375
1798928044056770  -18.5  0.75  10.8125
1798928064055208  -20.4375  3.75  8.3125
1798928084056770  -19.875  2.3125  5.9375
1798928104056770  -20.5625  2.3125  1.9375
1798928124056770  -18.6875  -1.375  1.25
1798928144055208  -19.3125  -0.625  0.375
1798928164056770  -20.0  0.1875  -3.6875
1798928184056770  -20.0  0.25  -5.25
1798928204056770  -19.625  -4.3125  -8.375
1798928224055208  -19.75  -6.5  -11.5625
1798928244056770  -14.875  -7.75  -10.6875
1798928264056770  -15.375  -4.625  -12.375
1798928284056770  -14.6875  -5.3125  -14.0
1798928304056770  -18.0625  -1.6875  -16.5
1798928324056770  -14.5625  -3.0  -15.625
1798928344056770  -16.4375  -9.25  -16.3125
1798928364056770  -13.1875  -14.375  -17.8125
1798928384056770  -15.3125  -13.6875  -21.0625
1798928404055208  -12.5  -14.25  -21.0
1798928424055208  -11.5625  -11.0625  -21.0625
1798928444056770  -10.25  -13.3125  -20.25
1798928464056770  -13.0625  -12.0625  -17.875
1798928484056770  -16.25  -6.9375  -17.1875
1798928504056770  -14.5625  -2.9375  -17.25
1798928524056770  -12.6875  -7.5  -13.125
1798928544056770  -8.25  -14.875  -11.3125
1798928564055208  -8.5625  -20.25  -12.8125
1798928584056770  -2.25  -11.4375  -8.125
1798928604056770  -1.8125  -15.3125  -6.4375
1798928624056770  -8.9375  -15.125  -4.0625
1798928644056770  -11.875  -16.125  -3.25
1798928664056770  -14.9375  -9.5625  3.0625
1798928684056770  -19.3125  -0.8125  7.625
1798928704056770  -20.375  4.4375  12.375
1798928724056770  -20.875  8.0625  19.5
1798928744056770  -19.9375  10.375  21.875
1798928764055208  -17.75  11.1875  27.5
1798928784055208  -16.0625  15.125  29.0
1798928804056770  -14.0  13.625  32.3125
1798928824055208  -12.0625  10.6875  33.1875
1798928844055208  -13.6875  8.25  34.0625
1798928864056770  -13.6875  7.5  33.25
1798928884056770  -11.9375  2.3125  31.75
1798928904055208  -5.9375  -4.125  28.75
1798928924055208  2.1875  -10.375  27.3125
1798928944056770  9.75  -25.1875  26.0625
1798928964055208  2.4375  -27.1875  23.6875
1798928984055208  -8.8125  -14.25  24.9375
1798929004056770  -14.9375  0.5625  29.375
1798929024055208  -15.0625  8.9375  32.4375
1798929044055208  -6.9375  1.875  31.8125
1798929064055208  -7.0625  -9.625  31.25
1798929084056770  -0.375  -16.6875  25.0
1798929104055208  2.875  -31.0  23.75
1798929124056770  -6.5  -11.625  18.4375
1798929144056770  -19.625  15.75  24.1875
1798929164056770  -20.8125  8.6875  25.9375
1798929184056770  -19.0  -6.375  17.4375
1798929204056770  -19.375  -1.75  15.75
1798929224055208  -17.875  -0.8125  12.5
1798929244056770  -16.75  -4.375  6.125
1798929264056770  -19.3125  0.0  8.4375
1798929284056770  -23.1875  5.0625  8.3125
1798929304056770  -19.0625  3.125  5.9375
1798929324056770  -21.125  4.5625  3.5
1798929344056770  -20.4375  3.875  1.875
1798929364056770  -18.625  -0.5625  -0.4375
1798929384056770  -22.125  0.8125  -5.3125
1798929404056770  -18.0  -1.875  -7.625
1798929424056770  -18.375  -7.1875  -11.5625
1798929444055208  -17.4375  -4.0625  -10.8125
1798929464056770  -16.75  -4.0  -11.625
1798929484056770  -14.4375  -1.5  -14.0625
1798929504056770  -16.375  -9.3125  -13.0625
1798929524056770  -16.6875  -13.125  -16.1875
1798929544056770  -17.375  -13.125  -17.8125
1798929564056770  -16.0  -13.75  -18.625
1798929584056770  -15.875  -12.25  -18.625
1798929604056770  -12.1875  -10.5  -16.25
1798929624056770  -14.25  -9.0625  -17.9375
1798929644055208  -17.6875  -7.0625  -16.375
1798929664055208  -16.625  -1.6875  -12.4375
1798929684055208  -16.0  -3.1875  -11.625
1798929704055208  -10.25  -13.5625  -9.75
1798929724055208  -10.75  -20.4375  -11.1875
1798929744056770  -4.125  -17.75  -8.8125
1798929764055208  -2.75  -18.5  -4.75
1798929784055208  -5.25  -13.375  -1.6875
1798929804055208  -11.4375  -20.8125  1.6875
1798929824056770  -15.9375  -13.5  3.125
1798929844055208  -20.3125  -4.6875  6.9375
1798929864055208  -21.25  2.8125  11.5625
1798929884055208  -23.1875  4.875  15.5625
1798929904055208  -24.125  12.375  22.625
1798929924055208  -21.75  15.5  28.1875
1798929944056770  -20.125  18.625  29.75
1798929964056770  -18.3125  13.375  30.6875
1798929984055208  -14.4375  7.375  35.6875
1798930004056770  -14.0625  12.875  33.125
1798930024056770  -15.8125  8.0625  34.8125
1798930044056770  -15.3125  5.0625  33.3125
1798930064056770  -8.25  -6.625  30.375
1798930084056770  5.75  -10.1875  28.875
1798930104056770  11.5625  -29.6875  27.8125
1798930124056770  3.125  -27.875  21.25
1798930144056770  -9.6875  -6.5625  23.125
1798930164056770  -11.75  5.4375  28.5
1798930184056770  -5.0625  -1.75  29.5
1798930204056770  -1.0  -15.25  26.5625
1798930224056770  1.625  -28.75  20.5
1798930244056770  -15.0625  -22.25  20.25
1798930264056770  -23.625  9.3125  23.5
1798930284056770  -20.75  19.4375  24.875
1798930304056770  -10.375  4.0  28.5
1798930324055208  -16.375  -10.0  17.5625
1798930344056770  -18.3125  3.8125  12.375
1798930364056770  -20.125  -1.6875  12.5
1798930384056770  -21.625  -3.25  6.875
1798930404056770  -22.1875  -0.9375  4.4375
1798930424056770  -19.8125  2.25  7.5625
1798930444056770  -20.4375  4.625  3.5
1798930464056770  -19.625  5.5  0.25
1798930484055208  -19.0  4.8125  -1.375
1798930504055208  -19.125  2.5625  -4.5
1798930524055208  -19.4375  -1.1875  -9.25
1798930544055208  -20.75  0.3125  -10.9375
1798930564056770  -17.5  -4.8125  -12.375
1798930584055208  -13.4375  -7.5  -15.5625
1798930604055208  -15.1875  -12.25  -15.4375
1798930624055208  -18.0  -11.5625  -19.5
1798930644055208  -17.8125  -8.5  -19.5625
1798930664055208  -15.5625  -6.8125  -20.375
1798930684055208  -13.75  -12.0625  -19.4375
1798930704055208  -14.0  -15.875  -20.1875
1798930724055208  -13.9375  -14.375  -20.1875
1798930744055208  -13.0  -11.25  -18.6875
1798930764056770  -16.6875  -3.125  -16.4375
1798930784056770  -16.75  -3.9375  -14.0
1798930804055208  -12.1875  -10.5625  -11.4375
1798930824055208  -10.75  -20.375  -14.4375
1798930844056770  -7.125  -19.4375  -11.1875
1798930864056770  3.9375  -14.875  -6.4375
1798930884056770  -3.875  -13.9375  -5.6875
1798930904056770  -9.6875  -16.0  -2.4375
1798930924056770  -13.9375  -15.5625  -1.625
1798930944055208  -18.375  -7.5625  6.1875
1798930964055208  -22.125  -0.3125  10.875
1798930984055208  -24.875  11.6875  16.1875
1798931004055208  -22.1875  19.5  18.4375
1798931024055208  -26.4375  19.875  23.25
1798931044055208  -23.1875  25.3125  29.5625
1798931064055208  -20.625  20.8125  32.9375
1798931084055208  -17.25  18.8125  32.1875
1798931104056770  -17.625  12.625  31.5
1798931124056770  -15.625  10.4375  34.0
1798931144056770  -16.75  5.0  30.875
1798931164056770  -8.8125  -4.375  30.3125
1798931184056770  4.8125  -13.1875  24.125
1798931204056770  16.25  -33.8125  21.4375
1798931224056770  0.875  -29.4375  16.4375
1798931244056770  -14.875  1.5  22.9375
1798931264056770  -22.25  18.5  27.3125
1798931284055208  -14.25  10.5625  31.5625
1798931304056770  -12.375  -3.6875  23.875
1798931324055208  -3.25  -16.8125  21.0
1798931344055208  -3.5  -30.5625  17.3125
1798931364055208  -15.0625  -11.3125  11.9375
1798931384056770  -26.1875  23.8125  19.125
1798931404055208  -20.0  20.3125  22.4375
1798931424055208  -21.25  2.0625  12.4375
1798931444055208  -22.4375  5.8125  10.6875
1798931464055208  -20.3125  -4.6875  6.125
1798931484055208  -22.1875  -0.875  1.1875
1798931504055208  -24.9375  1.25  1.125
1798931524056770  -22.1875  9.875  1.75
1798931544055208  -20.6875  10.8125  -0.6875
1798931564055208  -19.375  9.4375  -2.25
1798931584056770  -18.75  8.75  -3.875
1798931604055208  -21.1875  4.0625  -9.375
1798931624055208  -20.5  3.375  -11.0
1798931644056770  -19.5  -2.5625  -14.875
1798931664056770  -16.6875  -3.125  -14.875
1798931684056770  -17.1875  0.6875  -17.375
1798931704055208  -15.9375  -2.3125  -15.6875
1798931724056770  -15.5625  -7.5625  -21.1875
1798931744055208  -16.5  -10.625  -22.75
1798931764055208  -14.375  -10.5  -22.75
1798931784055208  -14.375  -10.4375  -23.5
1798931804055208  -10.8125  -11.0  -22.6875
1798931824055208  -12.25  -11.125  -21.875
1798931844056770  -13.4375  -7.375  -21.1875
1798931864056770  -17.375  -2.375  -18.875
1798931884055208  -17.125  1.4375  -14.125
1798931904055208  -11.1875  -5.875  -12.375
1798931924055208  -10.375  -15.0  -14.5625
1798931944056770  -1.5  -10.625  -9.0
1798931964055208  1.125  -13.5625  -6.5
1798931984055208  -4.4375  -11.75  -2.5
1798932004056770  -11.375  -9.25  0.625
1798932024056770  -15.5  -7.375  6.1875
1798932044056770  -21.3125  1.3125  9.1875
1798932064056770  -26.625  7.0  13.875
1798932084055208  -27.75  22.125  19.9375
1798932104055208  -26.9375  22.8125  27.1875
1798932124056770  -22.5625  24.5625  31.1875
1798932144056770  -20.5625  22.375  32.0625
1798932164055208  -15.0625  18.875  33.75
1798932184056770  -14.6875  14.3125  35.5
1798932204056770  -14.875  11.25  33.1875
1798932224056770  -13.625  9.0625  33.1875
1798932244056770  -11.3125  0.8125  31.0
1798932264056770  -2.75  -9.1875  26.4375
1798932284056770  5.4375  -14.75  26.625
1798932304055208  5.5  -24.625  22.8125
1798932324056770  -6.375  -10.25  25.625
1798932344056770  -16.3125  11.1875  31.5625
1798932364056770  -11.9375  12.25  32.3125
1798932384055208  -8.375  1.875  28.5625
1798932404056770  -6.0  -15.5625  25.0
1798932424055208  -3.0625  -24.5  22.75
1798932444055208  -8.5  -20.125  16.1875
1798932464055208  -21.0625  15.0  18.5625
1798932484055208  -21.5625  28.6875  22.25
1798932504055208  -17.8125  10.5625  21.0625
1798932524055208  -24.6875  4.125  11.5625
1798932544056770  -24.125  1.875  9.1875
1798932564055208  -20.25  -3.875  5.3125
1798932584055208  -22.875  -0.0625  -1.25
1798932604056770  -23.1875  6.0  0.25
1798932624056770  -22.0  13.0  0.0625
1798932644055208  -20.625  12.375  0.0625
1798932664055208  -18.75  8.75  -4.6875
1798932684056770  -20.3125  6.5  -11.0625
1798932704055208  -19.4375  -1.125  -10.875
1798932724055208  -22.875  0.1875  -14.125
1798932744056770  -18.8125  -2.5  -15.6875
1798932764056770  -18.9375  -4.75  -18.875
1798932784055208  -18.75  -1.625  -20.5625
1798932804055208  -16.5625  -0.75  -18.125
1798932824055208  -14.5625  -2.875  -21.3125
1798932844055208  -12.0625  -8.0  -21.9375
1798932864055208  -15.625  -8.25  -23.5625
1798932884055208  -15.875  -11.375  -22.6875
1798932904055208  -12.1875  -10.3125  -22.6875
1798932924055208  -12.0625  -8.0625  -21.1875
1798932944055208  -15.25  -2.9375  -20.5
1798932964056770  -15.0625  0.0625  -16.5625
1798932984055208  -15.1875  -2.375  -11.625
1798933004056770  -12.625  -16.6875  -14.5
1798933024056770  -8.25  -15.625  -14.5
1798933044055208  2.125  -9.625  -6.5625
1798933064055208  -1.4375  -9.875  -7.375
1798933084055208  -7.0  -8.0625  -4.25
1798933104056770  -10.125  -11.5  2.3125
1798933124055208  -19.625  -5.3125  3.75
1798933144056770  -20.5  3.0  7.5625
1798933164056770  -24.0  14.125  12.125
1798933184055208  -26.375  20.6875  19.1875
1798933204055208  -25.5  23.75  24.75
1798933224055208  -22.3125  27.6875  30.3125
1798933244055208  -15.5  23.5  33.6875
1798933264055208  -12.9375  19.0625  33.75
1798933284055208  -13.0625  16.75  34.625
1798933304056770  -15.25  16.5625  33.8125
1798933324055208  -12.9375  8.3125  32.4375
1798933344055208  -4.5625  -4.8125  29.5625
1798933364056770  6.25  -13.125  25.75
1798933384055208  14.5  -28.6875  26.1875
1798933404055208  0.6875  -21.9375  23.5625
1798933424056770  -16.1875  2.875  26.125
1798933444055208  -18.8125  16.375  30.625
1798933464055208  -7.5625  3.4375  30.125
1798933484055208  -4.8125  -7.8125  27.1875
1798933504056770  0.125  -19.6875  24.3125
1798933524055208  -5.125  -23.0625  20.3125
1798933544055208  -16.75  5.25  21.1875
1798933564055208  -21.4375  30.0625  29.4375
1798933584055208  -15.875  18.125  33.0
1798933604055208  -17.375  -4.0  19.8125
1798933624055208  -21.8125  4.1875  18.8125
1798933644055208  -21.25  2.0625  11.625
1798933664055208  -22.8125  0.4375  11.625
1798933684055208  -22.6875  2.0  10.0
1798933704056770  -23.4375  11.9375  9.75
1798933724055208  -20.375  15.25  8.875
1798933744055208  -17.5  15.5  7.25
1798933764055208  -17.8125  11.6875  3.3125
1798933784056770  -18.375  3.3125  -1.3125
1798933804055208  -18.5  1.125  -6.875
1798933824055208  -21.0625  -4.375  -8.375
1798933844055208  -19.5  -2.6875  -10.8125
1798933864055208  -14.875  3.125  -14.1875
1798933884055208  -17.4375  -3.1875  -14.875
1798933904055208  -15.875  -1.5625  -15.6875
1798933924055208  -17.5  -3.9375  -18.0625
1798933944055208  -18.4375  -7.8125  -19.5625
1798933964056770  -16.625  -12.1875  -21.875
1798933984055208  -12.375  -12.6875  -20.25
1798934004055208  -10.375  -14.9375  -17.75
1798934024055208  -16.3125  -7.625  -18.75
1798934044055208  -20.9375  -2.6875  -16.5
1798934064055208  -14.4375  -1.5625  -10.875
1798934084055208  -7.0  -7.9375  -9.875
1798934104055208  -9.375  -11.1875  -9.0
1798934124056770  2.375  -5.875  -3.4375
1798934144055208  -2.75  -7.8125  -1.8125
1798934164055208  -7.5  -15.1875  3.1875
1798934184055208  -15.25  -14.25  4.75
1798934204055208  -19.9375  -10.0625  7.875
1798934224055208  -24.375  -1.25  10.875
1798934244056770  -25.75  9.3125  16.25
1798934264055208  -23.9375  14.6875  21.75
1798934284055208  -25.8125  19.0  28.125
1798934304055208  -24.625  25.125  34.375
1798934324055208  -17.625  23.25  38.5
1798934344055208  -15.3125  14.9375  37.875
1798934364055208  -12.8125  9.6875  40.4375
1798934384055208  -13.625  8.125  38.875
1798934404055208  -13.3125  2.8125  39.0
1798934424055208  -7.625  -7.4375  34.4375
1798934444056770  3.3125  -15.0625  33.875
1798934464055208  16.375  -21.75  32.4375
1798934484055208  15.625  -33.25  29.5
1798934504055208  -0.8125  -12.1875  28.125
1798934524055208  -11.4375  9.1875  34.0
1798934544055208  -6.0  5.625  38.125
1798934564055208  -6.1875  -8.125  35.25
1798934584055208  0.1875  -29.0  29.375
1798934604055208  -3.625  -33.0625  25.375
1798934624055208  -13.0625  -3.8125  25.5
1798934644055208  -19.75  13.3125  27.4375
1798934664056770  -17.875  9.5625  30.75
1798934684055208  -19.0625  -8.0  20.6875
1798934704055208  -23.0  -2.875  21.375
1798934724055208  -21.4375  -0.25  11.6875
1798934744055208  -22.75  -8.75  8.625
1798934764055208  -23.125  -4.125  8.5
1798934784055208  -21.1875  3.6875  8.3125
1798934804055208  -20.0625  9.1875  6.625
1798934824056770  -18.5625  10.8125  5.75
1798934844056770  -19.0  4.6875  3.5
1798934864055208  -19.8125  3.25  -2.9375
1798934884055208  -22.125  0.875  -7.6875
1798934904055208  -22.6875  -7.5625  -9.125
1798934924055208  -23.125  -3.6875  -10.8125
1798934944056770  -16.75  -4.0  -12.4375
1798934964055208  -17.75  -7.875  -13.9375
1798934984055208  -17.9375  -10.875  -17.875
1798935004055208  -14.5625  -13.6875  -18.625
1798935024055208  -13.625  -10.5  -18.6875
1798935044055208  -13.0625  -12.0625  -17.875
1798935064056770  -13.8125  -12.875  -17.8125
1798935084056770  -13.6875  -11.3125  -17.875
1798935104055208  -17.875  -10.0625  -18.6875
1798935124056770  -20.3125  -3.375  -15.6875
1798935144056770  -18.1875  -4.125  -10.0
1798935164055208  -13.5  -19.1875  -9.625
1798935184055208  -13.875  -24.5625  -10.3125
1798935204056770  -0.625  -18.25  -7.1875
1798935224056770  -1.1875  -16.8125  -4.8125
1798935244055208  -8.5  -19.75  -0.75
1798935264055208  -13.875  -14.9375  6.375
1798935284056770  -22.0625  -9.4375  7.875
1798935304055208  -26.0  -4.4375  12.5625
1798935324055208  -28.8125  6.0  17.9375
1798935344055208  -28.4375  11.25  22.625
1798935364055208  -28.875  15.75  28.1875
1798935384055208  -24.3125  19.8125  32.9375
1798935404055208  -21.625  16.875  35.4375
1798935424055208  -16.1875  13.375  37.9375
1798935444055208  -15.8125  8.0  38.0625
1798935464055208  -15.9375  5.6875  38.125
1798935484055208  -15.375  4.1875  37.375
1798935504055208  -13.125  -4.8125  35.1875
1798935524056770  1.0625  -15.9375  30.625
1798935544055208  14.9375  -32.5625  29.5
1798935564055208  5.3125  -37.75  25.5625
1798935584055208  -10.9375  -14.5  29.75
1798935604056770  -22.125  9.875  36.375
1798935624056770  -15.8125  8.0  38.0625
1798935644055208  -11.1875  -7.6875  33.625
1798935664055208  -7.125  -21.125  30.75
1798935684055208  -5.75  -32.4375  25.375
1798935704055208  -8.8125  -24.875  21.1875
1798935724055208  -22.0  11.625  28.3125
1798935744056770  -19.5625  15.5625  30.625
1798935764055208  -21.25  -9.0  23.9375
1798935784055208  -27.25  -2.375  18.125
1798935804055208  -22.75  -9.625  13.5
1798935824055208  -28.375  -7.5625  7.0
1798935844055208  -26.125  -5.875  6.9375
1798935864055208  -25.75  -0.4375  6.0
1798935884056770  -23.75  8.1875  3.375
1798935904055208  -18.75  7.75  6.625
1798935924055208  -22.4375  6.0  3.4375
1798935944055208  -22.625  3.75  0.25
1798935964055208  -23.0625  -3.125  -3.5625
1798935984055208  -24.625  -4.6875  -7.5625
1798936004056770  -24.75  -6.125  -10.75
1798936024056770  -23.1875  -4.4375  -12.4375
1798936044055208  -22.875  0.125  -10.9375
1798936064055208  -21.25  -7.375  -13.9375
1798936084055208  -19.0  -15.5625  -17.0
1798936104055208  -18.375  -17.0625  -16.9375
1798936124056770  -18.25  -15.4375  -19.375
1798936144055208  -17.25  -10.8125  -17.875
1798936164056770  -14.5625  -13.75  -16.1875
1798936184055208  -17.375  -13.125  -17.0
1798936204056770  -19.9375  -8.75  -16.3125
1798936224056770  -19.125  -7.1875  -14.75
1798936244055208  -19.0625  -6.5625  -8.3125
1798936264055208  -19.375  -21.875  -12.0
1798936284056770  -10.125  -21.9375  -11.125
1798936304056770  1.3125  -22.0  -7.0625
1798936324055208  -4.25  -19.375  -5.5625
1798936344056770  -13.4375  -18.625  0.875
1798936364055208  -19.4375  -12.25  3.875
1798936384055208  -27.5625  -6.0  8.5625
1798936404055208  -29.6875  3.8125  9.9375
1798936424055208  -31.5  18.8125  19.25
1798936444055208  -34.875  21.5625  22.375
1798936464055208  -32.8125  20.8125  27.25
1798936484055208  -28.375  22.625  30.4375
1798936504055208  -23.625  19.0  34.5625
1798936524055208  -20.3125  15.4375  33.875
1798936544055208  -21.0  15.3125  36.25
1798936564055208  -20.5625  11.5  37.1875
1798936584055208  -19.75  2.4375  33.375
1798936604055208  -13.5  -10.0625  28.875
1798936624055208  -4.375  -12.375  26.5
1798936644056770  3.0  -29.5625  26.9375
1798936664055208  -5.25  -24.75  25.1875
1798936684055208  -17.5625  -7.25  27.125
1798936704056770  -25.75  9.0  30.75
1798936724056770  -19.0  3.3125  32.5625
1798936744056770  -12.625  -7.75  32.0
1798936764056770  -5.4375  -27.8125  25.25
1798936784056770  -5.4375  -37.6875  20.6875
1798936804055208  -21.625  -13.4375  16.8125
1798936824055208  -32.0  21.6875  26.375
1798936844055208  -26.4375  19.75  27.25
1798936864055208  -26.75  -5.4375  19.0
1798936884055208  -30.5  2.8125  15.5625
1798936904056770  -27.5  -5.375  13.375
1798936924055208  -31.0625  -5.4375  5.3125
1798936944055208  -31.5  -0.75  1.1875
1798936964055208  -35.25  6.625  1.0
1798936984055208  -34.375  9.0625  -1.5
1798937004055208  -31.125  4.75  -2.1875
1798937024055208  -32.1875  -0.5625  -8.5
1798937044056770  -31.0  -3.4375  -13.25
1798937064055208  -30.5625  -7.125  -19.625
1798937084055208  -30.0  -10.125  -20.375
1798937104056770  -29.375  -10.875  -21.125
1798937124055208  -28.3125  -6.1875  -20.4375
1798937144055208  -27.4375  -3.75  -24.5625
1798937164055208  -25.25  -2.8125  -22.9375
1798937184055208  -26.875  -5.1875  -26.125
1798937204056770  -27.875  -9.875  -26.8125
1798937224055208  -29.0  -15.25  -28.3125
1798937244056770  -23.25  -14.75  -31.5
1798937264055208  -20.5  -16.9375  -29.0
1798937284055208  -20.125  -10.75  -30.8125
1798937304055208  -19.9375  -8.5  -27.625
1798937324055208  -22.5  -14.75  -30.6875
1798937344055208  -18.5  -18.3125  -29.8125
1798937364055208  -11.9375  -6.4375  -25.25
1798937384055208  -15.625  -8.1875  -26.8125
1798937404055208  -2.125  -8.875  -21.125
1798937424055208  4.4375  -16.8125  -22.5
1798937444055208  0.875  -17.0625  -23.3125
1798937464055208  -5.8125  -10.75  -17.875
1798937484055208  -16.4375  -9.1875  -18.75
1798937504056770  -21.25  3.4375  -15.0
1798937524056770  -21.5625  19.4375  -9.75
1798937544056770  -22.8125  22.3125  -7.4375
1798937564056770  -24.75  25.0625  1.375
1798937584056770  -24.4375  29.625  3.6875
1798937604055208  -24.5625  27.25  8.5625
1798937624055208  -25.625  32.5  9.25
1798937644056770  -25.5  34.0625  9.1875
1798937664056770  -25.8125  30.125  11.6875
1798937684055208  -26.125  25.5625  8.625
1798937704055208  -22.875  9.8125  4.1875
1798937724055208  -5.75  0.4375  -3.625
1798937744055208  3.5625  -9.625  -3.375
1798937764055208  -1.3125  -18.3125  -8.0
1798937784056770  -12.3125  -2.25  -7.625
1798937804055208  -16.625  18.0625  -2.5
1798937824055208  -12.9375  19.75  2.3125
1798937844055208  -14.625  5.875  1.0625
1798937864055208  -1.875  -16.125  -4.0
1798937884055208  -7.9375  -21.0  -12.0
1798937904055208  -24.6875  15.375  -11.3125
1798937924055208  -26.6875  38.125  -6.1875
1798937944055208  -13.8125  28.3125  -4.3125
1798937964055208  -14.1875  2.375  -14.1875
1798937984056770  -19.125  2.875  -18.25
1798938004055208  -16.4375  0.875  -21.375
1798938024055208  -18.8125  -2.25  -27.75
1798938044055208  -19.75  4.5625  -27.125
1798938064055208  -15.5  4.9375  -28.75
1798938084055208  -12.5  6.6875  -29.5625
1798938104055208  -11.125  6.125  -33.5625
1798938124055208  -8.5  3.25  -35.125
1798938144055208  -9.375  0.9375  -37.5
1798938164055208  -7.625  -5.0  -39.75
1798938184055208  -7.3125  -11.0625  -41.25
1798938204055208  -4.125  -16.1875  -42.6875
1798938224056770  -2.1875  -19.125  -42.625
1798938244055208  -3.5625  -7.6875  -44.5
1798938264055208  -2.625  -4.5625  -43.8125
1798938284055208  -0.125  -9.75  -44.4375
1798938304055208  -4.25  -18.375  -48.3125
1798938324055208  -2.875  -29.0  -48.8125
1798938344055208  -2.4375  -22.875  -49.0
1798938364055208  3.1875  -24.0  -46.5
1798938384055208  3.3125  -22.4375  -47.375
1798938404055208  1.125  -22.625  -47.375
1798938424055208  -0.4375  -14.3125  -45.9375
1798938444055208  -2.1875  -9.125  -44.5
1798938464056770  -0.125  -9.8125  -39.625
1798938484056770  4.125  -21.0  -40.125
1798938504055208  7.6875  -21.5625  -40.125
1798938524056770  19.9375  -19.1875  -35.3125
1798938544056770  14.8125  -11.1875  -33.875
1798938564055208  9.0  -12.375  -33.0625
1798938584056770  2.375  -5.3125  -26.8125
1798938604056770  -7.8125  2.3125  -23.0
1798938624056770  -9.1875  12.8125  -18.4375
1798938644055208  -13.5625  21.6875  -16.25
1798938664055208  -13.4375  33.75  -6.0625
1798938684056770  -15.625  33.5  -2.8125
1798938704056770  -14.6875  36.5625  1.125
1798938724055208  -10.3125  37.5625  5.125
1798938744056770  -8.5  33.0  8.5
1798938764056770  -8.8125  28.4375  7.0
1798938784056770  -10.375  25.9375  8.625
1798938804056770  -12.6875  23.5625  5.4375
1798938824056770  -6.875  14.75  6.5
1798938844055208  -2.8125  11.25  3.375
1798938864056770  5.5625  -1.125  2.0625
1798938884056770  5.4375  -13.375  -1.625
1798938904055208  -3.8125  -2.5  -1.9375
1798938924055208  -10.625  12.25  3.3125
1798938944056770  -5.875  18.6875  5.625
1798938964056770  -1.5625  9.0625  2.625
1798938984055208  1.0625  -4.4375  -1.875
1798939004055208  -4.0625  -6.25  -6.6875
1798939024055208  -12.875  10.6875  -3.875
1798939044055208  -19.625  27.0625  -2.6875
1798939064055208  -10.5625  23.9375  -5.8125
1798939084055208  -7.4375  -3.3125  -13.1875
1798939104055208  -11.8125  5.6875  -16.6875
1798939124055208  -12.25  10.3125  -18.375
1798939144055208  -12.5625  5.75  -20.6875
1798939164055208  -11.8125  5.8125  -23.125
1798939184055208  -12.3125  9.6875  -26.4375
1798939204055208  -8.8125  8.4375  -25.5625
1798939224056770  -9.5  8.375  -27.1875
1798939244055208  -8.25  6.25  -29.5625
1798939264055208  -5.9375  -1.1875  -32.5625
1798939284056770  -7.6875  -5.875  -36.5
1798939304056770  -3.5  -7.8125  -37.25
1798939324055208  -3.6875  -10.0625  -40.4375
1798939344056770  -1.5625  -10.6875  -40.375
1798939364056770  -0.4375  -14.4375  -40.3125
1798939384056770  -1.125  -14.5  -41.125
1798939404055208  -1.25  -16.0  -41.875
1798939424055208  -2.125  -18.3125  -43.4375
1798939444055208  -1.5625  -20.625  -43.375
1798939464055208  0.375  -23.5  -44.9375
1798939484055208  1.9375  -21.875  -44.125
1798939504055208  3.0625  -25.625  -43.25
1798939524055208  2.75  -20.3125  -43.375
1798939544055208  -0.375  -13.625  -42.75
1798939564055208  1.375  -9.0  -38.8125
1798939584055208  5.1875  -15.5625  -39.4375
1798939604055208  6.0625  -24.0625  -36.8125
1798939624055208  20.1875  -16.1875  -33.75
1798939644056770  19.6875  -13.1875  -31.4375
1798939664055208  10.6875  -9.3125  -27.5
1798939684055208  4.5625  -4.5  -23.625
1798939704055208  -3.0625  -2.0  -21.3125
1798939724055208  -4.125  4.0  -18.1875
1798939744055208  -9.0625  15.0625  -15.25
1798939764055208  -8.4375  23.5  -12.25
1798939784055208  -11.5  30.75  -4.375
1798939804055208  -10.9375  28.4375  -1.125
1798939824056770  -7.75  33.125  5.25
1798939844056770  -7.125  32.4375  3.625
1798939864055208  -6.0  27.9375  3.75
1798939884055208  -9.75  25.3125  6.25
1798939904056770  -9.3125  20.6875  6.375
1798939924055208  -3.5625  11.1875  3.375
1798939944055208  5.0  1.1875  -2.0
1798939964055208  17.375  -5.5  -5.0
1798939984055208  15.8125  -18.625  -7.9375
1798940004055208  1.75  -5.0  -8.3125
1798940024056770  -6.0625  16.5  0.0
1798940044056770  -5.75  21.125  -0.125
1798940064056770  -3.375  13.625  -1.5
1798940084056770  1.125  -3.625  -3.5
1798940104056770  2.375  -16.5625  -5.625
1798940124055208  1.8125  -14.1875  -9.6875
1798940144055208  -9.0625  14.1875  -8.8125
1798940164056770  -12.5  26.875  -3.5
1798940184056770  -4.0  15.1875  -4.75
1798940204055208  -6.4375  0.625  -11.6875
1798940224056770  -7.5  5.9375  -12.625
1798940244056770  -6.4375  0.75  -17.3125
1798940264056770  -5.0  0.875  -18.9375
1798940284056770  -6.3125  3.0625  -19.0
1798940304056770  -5.625  2.3125  -18.1875
1798940324055208  -2.8125  1.875  -22.1875
1798940344055208  -4.125  4.125  -23.875
1798940364056770  -1.625  -1.0625  -25.3125
1798940384056770  -3.875  -2.6875  -28.5
1798940404055208  -2.0  -6.375  -28.4375
1798940424055208  -2.9375  -9.5  -29.9375
1798940444055208  2.125  -9.125  -30.75
1798940464055208  3.9375  -13.5625  -31.4375
1798940484055208  1.5625  -16.8125  -32.1875
1798940504055208  2.875  -19.0625  -30.5
1798940524055208  2.8125  -19.6875  -35.3125
1798940544055208  2.9375  -18.125  -35.375
1798940564055208  3.875  -25.0  -34.375
1798940584055208  2.4375  -25.125  -33.625
1798940604055208  4.4375  -27.25  -34.3125
1798940624055208  6.0  -24.8125  -35.1875
1798940644056770  2.125  -19.0  -35.375
1798940664056770  2.9375  -17.5  -31.375
1798940684055208  8.125  -14.8125  -29.0
1798940704055208  11.9375  -22.25  -28.8125
1798940724056770  15.5625  -21.25  -28.0
1798940744056770  25.0625  -18.3125  -25.625
1798940764055208  17.875  -18.8125  -24.8125
1798940784056770  11.5  -17.8125  -22.4375
1798940804056770  11.125  -13.3125  -19.375
1798940824055208  4.375  -7.75  -15.5
1798940844055208  0.9375  4.25  -13.375
1798940864055208  -3.5  12.375  -12.75
1798940884055208  -3.9375  16.8125  -6.4375
1798940904055208  -3.5  22.875  -1.75
1798940924056770  -1.75  27.5  1.375
1798940944055208  1.0625  26.9375  3.8125
1798940964055208  -0.4375  25.25  3.875
1798940984055208  -0.125  19.9375  2.375
1798941004055208  -2.3125  19.0  1.5625
1798941024055208  -1.0625  16.0625  0.875
1798941044055208  3.0  3.375  -1.25
1798941064055208  15.3125  -4.8125  -8.25
1798941084055208  27.0625  -20.8125  -8.625
1798941104055208  19.9375  -30.375  -17.3125
1798941124055208  5.4375  -3.1875  -9.9375
1798941144056770  -0.1875  19.375  -5.6875
1798941164056770  1.6875  15.5625  -3.1875
1798941184056770  4.9375  -0.25  -5.1875
1798941204056770  10.4375  -12.8125  -10.5
1798941224056770  11.5  -18.0  -14.375
1798941244056770  4.75  -2.4375  -12.375
1798941264056770  -4.9375  22.9375  -9.8125
1798941284056770  2.6875  19.5625  -5.6875
1798941304055208  6.8125  -3.75  -13.9375
1798941324055208  0.8125  2.75  -15.75
1798941344056770  2.75  -0.125  -18.0625
1798941364055208  1.1875  -1.625  -23.6875
1798941384056770  1.9375  -1.6875  -19.6875
1798941404055208  4.1875  0.0625  -22.125
1798941424055208  2.125  1.5  -22.9375
1798941444055208  6.3125  0.3125  -24.5625
1798941464056770  6.125  -2.75  -26.875
1798941484056770  7.375  -4.9375  -29.25
1798941504055208  8.6875  -6.3125  -30.0
1798941524055208  7.25  -7.25  -29.1875
1798941544055208  10.9375  -15.3125  -32.1875
1798941564055208  11.5625  -16.8125  -33.75
1798941584055208  12.8125  -19.0625  -32.125
1798941604056770  10.6875  -19.125  -35.3125
1798941624055208  9.4375  -16.875  -37.8125
1798941644055208  8.9375  -23.875  -35.25
1798941664055208  11.875  -22.8125  -38.4375
1798941684056770  15.125  -27.25  -35.9375
1798941704055208  14.4375  -27.25  -37.5625
1798941724056770  16.5  -27.8125  -38.3125
1798941744056770  15.8125  -27.9375  -37.5
1798941764056770  12.1875  -18.1875  -36.9375
1798941784056770  13.25  -12.8125  -33.0625
1798941804056770  14.25  -19.75  -31.25
1798941824056770  15.75  -28.8125  -32.6875
1798941844055208  21.75  -24.5625  -30.3125
1798941864055208  33.375  -21.4375  -27.9375
1798941884056770  23.625  -18.375  -25.625
1798941904055208  17.0625  -20.5  -21.5625
1798941924056770  12.6875  -11.625  -21.8125
1798941944056770  9.125  -1.25  -15.625
1798941964055208  5.5  8.4375  -13.4375
1798941984055208  3.6875  13.5625  -7.9375
1798942004056770  2.8125  21.125  -6.5
1798942024056770  0.0625  22.375  -3.3125
1798942044055208  2.4375  26.375  -2.625
1798942064055208  3.1875  26.375  0.625
1798942084056770  3.8125  24.875  1.4375
1798942104055208  2.1875  22.4375  0.6875
1798942124055208  0.8125  23.125  -0.9375
1798942144055208  0.25  14.6875  -1.5625
1798942164055208  3.9375  6.5625  -2.9375
1798942184055208  18.875  -4.625  -5.8125
1798942204055208  27.875  -19.25  -8.6875
1798942224055208  22.5  -24.0625  -15.0
1798942244055208  7.5625  -3.0  -9.9375
1798942264055208  -0.9375  18.5625  -8.0625
1798942284055208  1.25  19.4375  -4.875
1798942304055208  4.5625  5.125  -7.75
1798942324055208  8.1875  -4.5  -10.6875
1798942344056770  13.8125  -15.5625  -11.25
1798942364056770  14.375  -17.75  -16.8125
1798942384056770  1.0625  6.625  -15.0625
1798942404056770  -5.0625  20.6875  -12.1875
1798942424056770  -0.375  16.375  -11.25
1798942444055208  -0.125  -0.375  -17.3125
1798942464055208  1.5  2.875  -19.75
1798942484056770  4.8125  -1.4375  -21.25
1798942504056770  4.8125  -0.625  -22.875
1798942524055208  2.1875  2.3125  -24.5625
1798942544055208  2.625  -1.5  -25.3125
1798942564056770  3.375  -0.625  -27.75
1798942584056770  3.1875  -3.75  -26.875
1798942604056770  5.6875  -8.9375  -27.5625
1798942624056770  4.4375  -6.625  -31.625
1798942644056770  4.375  -7.4375  -30.0
1798942664056770  6.375  -9.5625  -29.9375
1798942684056770  9.125  -10.8125  -33.125
1798942704056770  13.8125  -15.0625  -35.4375
1798942724055208  9.25  -19.25  -35.3125
1798942744055208  10.5625  -20.625  -36.125
1798942764056770  7.5  -23.9375  -37.625
1798942784056770  6.8125  -23.9375  -39.25
1798942804056770  7.625  -22.3125  -39.3125
1798942824056770  9.875  -20.5625  -40.9375
1798942844055208  11.0  -25.125  -39.1875
1798942864055208  13.0  -27.3125  -39.9375
1798942884055208  9.8125  -21.4375  -38.5
1798942904055208  9.25  -19.1875  -36.9375
1798942924055208  11.6875  -15.1875  -35.4375
1798942944055208  14.25  -18.9375  -32.875
1798942964056770  15.4375  -22.6875  -32.0
1798942984056770  25.75  -18.125  -29.6875
1798943004055208  26.625  -15.875  -26.5
1798943024055208  18.9375  -13.3125  -26.5625
1798943044055208  14.4375  -16.8125  -22.5
1798943064055208  9.375  -7.3125  -19.5
1798943084055208  4.9375  0.8125  -18.9375
1798943104055208  -0.8125  10.25  -13.5
1798943124055208  3.9375  17.4375  -9.625
1798943144056770  2.0  20.3125  -8.125
1798943164056770  -0.5625  23.875  -2.5625
1798943184056770  1.8125  27.9375  -4.25
1798943204055208  3.1875  26.4375  -2.625
1798943224056770  2.25  23.25  -0.9375
1798943244056770  -0.6875  22.3125  -1.75
1798943264056770  -3.625  20.5  -0.875
1798943284055208  -1.1875  14.625  -3.9375
1798943304056770  3.0  3.5  -7.6875
1798943324056770  14.5625  -4.8125  -9.875
1798943344055208  23.1875  -24.875  -12.5625
1798943364055208  13.5  -20.125  -15.9375
1798943384055208  1.3125  -0.375  -10.8125
1798943404055208  -8.8125  18.0  -7.25
1798943424055208  0.3125  15.5  -4.0
1798943444055208  2.375  4.1875  -6.125
1798943464055208  3.125  -5.625  -10.6875
1798943484055208  11.3125  -21.125  -12.6875
1798943504055208  7.625  -12.0  -20.1875
1798943524056770  -5.0625  21.5  -13.8125
1798943544055208  -6.875  25.875  -9.875
1798943564055208  -1.125  5.625  -12.625
1798943584056770  -4.75  -5.25  -18.0
1798943604055208  -2.75  3.375  -19.8125
1798943624055208  2.5625  -2.375  -21.25
1798943644056770  -0.25  -1.6875  -25.3125
1798943664056770  -1.3125  3.625  -27.0625
1798943684055208  -2.0  3.5625  -25.4375
1798943704055208  -0.8125  -0.1875  -26.9375
1798943724056770  1.6875  -4.5  -30.875
1798943744055208  4.3125  -8.1875  -30.75
1798943764055208  2.9375  -7.4375  -32.4375
1798943784055208  3.375  -11.25  -32.3125
1798943804055208  4.75  -11.875  -35.5
1798943824055208  6.0  -14.875  -35.4375
1798943844055208  7.9375  -17.8125  -35.375
1798943864056770  8.25  -13.0625  -38.6875
1798943884055208  8.3125  -12.375  -37.125
1798943904055208  5.6875  -19.375  -40.1875
1798943924055208  3.9375  -23.375  -40.0625
1798943944055208  3.8125  -25.625  -41.625
1798943964055208  8.3125  -22.25  -41.6875
1798943984055208  10.3125  -24.5  -37.625
1798944004056770  13.1875  -24.1875  -40.8125
1798944024055208  11.75  -24.375  -38.4375
1798944044055208  7.125  -18.4375  -42.625
1798944064055208  9.25  -19.1875  -36.125
1798944084055208  15.6875  -18.75  -36.125
1798944104055208  16.1875  -21.8125  -35.25
1798944124055208  19.3125  -18.5  -33.6875
1798944144055208  31.25  -20.75  -32.0
1798944164055208  26.5625  -16.625  -27.3125
1798944184055208  20.125  -17.0625  -27.3125
1798944204056770  17.0  -10.5  -23.4375
1798944224055208  5.9375  -5.25  -19.5625
1798944244055208  4.875  10.0  -16.6875
1798944264055208  5.6875  11.5  -12.75
1798944284055208  2.75  20.4375  -9.75
1798944304055208  2.625  28.8125  -8.3125
1798944324055208  4.875  30.375  -1.0625
1798944344055208  4.875  30.375  -1.0625
1798944364055208  4.0625  28.75  -0.25
1798944384055208  2.5625  27.9375  -1.875
1798944404055208  1.5625  24.0  -2.5625
1798944424055208  2.0  19.5  -4.0625
1798944444055208  6.125  7.5625  -6.1875
1798944464055208  19.125  -0.5625  -12.375
1798944484056770  25.6875  -19.25  -13.5
1798944504055208  23.1875  -24.75  -18.25
1798944524055208  11.0625  -3.4375  -14.75
1798944544055208  1.25  19.5625  -10.5
1798944564056770  6.9375  19.1875  -8.875
1798944584056770  3.5625  11.25  -10.3125
1798944604055208  11.3125  -0.375  -12.4375
1798944624055208  19.625  -14.3125  -16.0625
1798944644055208  17.4375  -15.125  -19.3125
1798944664055208  3.75  14.4375  -14.4375
1798944684055208  1.25  29.5625  -11.5625
1798944704055208  6.6875  15.4375  -13.625
1798944724055208  6.25  -0.625  -18.875
1798944744056770  7.875  1.8125  -20.5625
1798944764055208  11.125  -2.4375  -24.4375
1798944784055208  6.5  2.5625  -23.0
1798944804056770  6.0  5.625  -25.5
1798944824056770  7.1875  2.6875  -25.375
1798944844055208  8.5625  2.0  -25.375
1798944864055208  11.1875  -1.5625  -28.5
1798944884056770  13.25  -2.9375  -30.0625
1798944904055208  12.1875  -7.625  -29.9375
1798944924055208  14.375  -7.4375  -31.5625
1798944944055208  14.3125  -8.1875  -31.5625
1798944964056770  17.75  -9.4375  -33.9375
1798944984056770  17.625  -11.75  -33.875
1798945004055208  19.0625  -11.6875  -31.4375
1798945024056770  18.375  -10.9375  -32.25
1798945044055208  16.875  -11.8125  -33.0625
1798945064055208  15.1875  -15.6875  -35.375
1798945084056770  17.0  -20.9375  -35.25
1798945104056770  17.6875  -20.875  -36.875
1798945124056770  22.75  -19.8125  -34.5
1798945144056770  23.625  -17.4375  -32.9375
1798945164056770  25.0  -18.875  -35.3125
1798945184056770  22.5  -13.75  -31.375
1798945204056770  23.375  -10.625  -29.875
1798945224056770  27.75  -9.5625  -29.0625
1798945244056770  29.1875  -20.3125  -24.75
1798945264056770  33.25  -23.0625  -24.6875
1798945284056770  46.0  -24.625  -18.1875
1798945304055208  39.9375  -19.6875  -18.3125
1798945324056770  34.25  -19.375  -15.9375
1798945344056770  28.9375  -13.75  -11.25
1798945364056770  24.125  -1.125  -7.5
1798945384055208  20.3125  5.4375  -2.875
1798945404055208  18.875  16.0  0.9375
1798945424056770  21.0625  16.875  3.3125
1798945444056770  19.5625  15.9375  4.125
1798945464055208  20.5625  19.875  4.875
1798945484056770  21.8125  16.8125  7.375
1798945504056770  20.3125  16.0  4.9375
1798945524055208  19.4375  13.625  5.8125
1798945544056770  20.0625  12.1875  1.8125
1798945564056770  19.875  9.875  3.5
1798945584055208  23.1875  5.5  2.8125
1798945604055208  31.625  3.875  0.4375
1798945624056770  39.4375  -7.0625  0.75
1798945644056770  44.875  -31.125  -4.3125
1798945664055208  38.125  -25.4375  -7.6875
1798945684056770  30.125  -6.875  -4.125
1798945704056770  20.9375  14.625  -1.4375
1798945724056770  25.75  12.6875  0.1875
1798945744056770  29.5625  5.3125  -1.1875
1798945764055208  24.5625  -5.0  -4.1875
1798945784055208  35.9375  -16.4375  -3.875
1798945804055208  41.6875  -36.6875  -8.1875
1798945824056770  29.5  -15.9375  -12.0
1798945844055208  19.5625  15.375  -3.125
1798945864055208  20.5625  19.9375  2.4375
1798945884055208  25.625  -0.4375  2.125
1798945904055208  24.625  -14.1875  -4.8125
1798945924056770  23.5  -10.3125  -9.6875
1798945944055208  25.0  -8.6875  -8.9375
1798945964055208  28.4375  -0.8125  -5.875
1798945984055208  26.0  5.9375  -7.6875
1798946004055208  26.5  2.9375  -7.625
1798946024056770  27.5  -3.0625  -10.6875
1798946044056770  28.0  -6.875  -12.1875
1798946064055208  25.8125  -7.8125  -10.5625
1798946084055208  26.5  -7.75  -12.1875
1798946104056770  26.875  -12.25  -13.6875
1798946124056770  29.75  -12.0625  -15.3125
1798946144056770  31.125  -12.6875  -14.5
1798946164056770  32.5  -14.125  -16.875
1798946184058333  30.9375  -15.8125  -15.1875
1798946204056770  28.0  -16.6875  -18.4375
1798946224056770  29.1875  -20.5  -17.5
1798946244056770  29.875  -20.375  -19.125
1798946264055208  32.1875  -17.9375  -17.5625
1798946284056770  32.0  -21.0  -18.3125
1798946304056770  31.5  -18.0  -17.5625
1798946324056770  36.3125  -20.75  -15.0625
1798946344055208  33.4375  -20.9375  -15.875
1798946364056770  30.875  -16.5625  -16.0
1798946384056770  31.0625  -13.5  -14.4375
1798946404056770  33.75  -16.5  -9.5625
1798946424056770  39.3125  -29.125  -10.8125
1798946444056770  41.4375  -29.0  -8.375
1798946464056770  52.125  -29.8125  -5.125
1798946484056770  45.5  -22.6875  -3.6875
1798946504056770  41.5  -28.3125  -3.5625
1798946524056770  36.0625  -25.0  1.125
1798946544055208  27.5625  -13.375  2.4375
1798946564056770  25.375  -3.625  5.4375
1798946584056770  26.625  4.125  7.6875
1798946604056770  24.125  9.25  11.5625
1798946624056770  24.4375  13.0  13.875
1798946644056770  26.5  12.4375  13.125
1798946664056770  28.5  10.3125  10.75
1798946684055208  30.0  11.25  9.9375
1798946704055208  29.5  4.25  10.0625
1798946724056770  26.625  4.125  7.6875
1798946744055208  28.375  -1.875  6.1875
1798946764056770  32.0  -11.5625  4.8125
1798946784056770  44.5  -16.0  5.0
1798946804055208  51.25  -32.3125  1.375
1798946824056770  46.0625  -34.9375  -3.4375
1798946844055208  36.8125  -14.125  -2.3125
1798946864056770  32.75  0.0625  3.75
1798946884056770  39.0  -2.5  1.4375
1798946904055208  39.0625  -1.75  1.375
1798946924056770  40.875  -16.9375  1.0
1798946944055208  37.9375  -28.625  -2.0
1798946964055208  38.0  -17.125  -0.625
1798946984056770  27.9375  2.0  2.0625
1798947004055208  26.3125  9.5625  4.3125
1798947024055208  31.0625  -3.9375  4.625
1798947044055208  31.75  -15.3125  0.125
1798947064056770  28.375  -11.75  0.8125
1798947084056770  29.6875  -13.875  -2.375
1798947104056770  29.5625  -5.4375  -0.9375
1798947124056770  29.6875  -3.125  -1.8125
1798947144055208  29.875  -0.75  -3.5
1798947164055208  28.375  -1.625  -3.4375
1798947184056770  30.9375  -5.3125  -2.5625
1798947204056770  30.0625  -7.625  -6.5625
1798947224055208  29.75  -13.0  -5.625
1798947244055208  29.0625  -12.3125  -5.625
1798947264056770  31.375  -9.8125  -5.6875
1798947284055208  33.25  -13.5625  -5.5625
1798947304055208  35.5  -11.8125  -6.4375
1798947324055208  34.8125  -11.0625  -7.25
1798947344055208  34.5  -15.6875  -8.75
1798947364055208  31.4375  -18.9375  -11.125
1798947384056770  33.8125  -26.4375  -10.9375
1798947404056770  35.0  -18.625  -12.6875
1798947424056770  36.4375  -18.5625  -9.5
1798947444055208  37.1875  -18.5  -11.0625
1798947464056770  37.875  -19.25  -9.4375
1798947484055208  37.0  -20.8125  -11.8125
1798947504056770  34.5  -15.6875  -7.125
1798947524055208  33.9375  -14.1875  -8.0
1798947544056770  39.625  -24.625  -3.6875
1798947564056770  39.5  -36.875  -6.625
1798947584056770  45.4375  -33.375  -5.0625
1798947604056770  54.8125  -32.0625  0.5625
1798947624056770  43.875  -25.1875  1.1875
1798947644055208  40.6875  -30.125  5.3125
1798947664056770  36.6875  -26.5625  4.4375
1798947684056770  31.5625  -17.6875  4.1875
1798947704055208  30.125  -8.0  10.375
1798947724056770  21.875  7.5  12.4375
1798947744056770  26.8125  6.3125  11.625
1798947764055208  26.1875  7.75  14.0
1798947784055208  29.6875  6.5625  12.4375
1798947804056770  33.1875  6.0625  10.875
1798947824055208  34.375  2.3125  10.125
1798947844056770  32.9375  2.3125  6.9375
1798947864056770  30.0  1.25  8.5625
1798947884056770  32.6875  -1.5625  7.0
1798947904055208  35.3125  -15.1875  6.5625
1798947924056770  46.375  -20.5  5.125
1798947944056770  60.9375  -37.0  1.5
1798947964055208  54.625  -45.0625  -2.3125
1798947984056770  40.5625  -21.6875  4.3125
1798948004056770  32.75  -0.75  4.5625
1798948024056770  35.5  -2.125  6.25
1798948044056770  40.5  -12.4375  3.25
1798948064056770  43.875  -25.1875  -0.4375
1798948084056770  46.3125  -31.125  0.5
1798948104056770  41.8125  -24.5  -1.25
1798948124055208  26.125  7.25  3.5625
1798948144056770  28.625  11.9375  7.5
1798948164056770  36.125  -13.625  8.9375
1798948184055208  32.5  -24.4375  -1.3125
1798948204056770  31.9375  -12.3125  3.25
1798948224056770  32.9375  -8.4375  5.5625
1798948244055208  31.375  -10.0  0.75
1798948264055208  30.75  -8.5  2.375
1798948284056770  33.125  -5.25  1.5
1798948304055208  35.875  -6.5625  -0.9375
1798948324056770  34.3125  -8.1875  -0.875
1798948344056770  35.6875  -9.625  -0.8125
1798948364056770  32.875  -8.1875  -4.125
1798948384056770  32.875  -9.0  -2.4375
1798948404056770  34.6875  -13.5  -3.1875
1798948424056770  35.125  -17.3125  -2.25
1798948444056770  36.5625  -17.125  -6.3125
1798948464056770  33.625  -18.125  -6.25
1798948484056770  34.75  -22.625  -6.9375
1798948504056770  34.6875  -23.375  -7.75
1798948524055208  37.0  -20.875  -7.0
1798948544055208  39.5  -26.8125  -10.0625
1798948564056770  41.0625  -24.375  -9.3125
1798948584056770  40.125  -27.5625  -8.4375
1798948604055208  38.0625  -26.125  -9.3125
1798948624056770  36.6875  -15.5625  -7.125
1798948644055208  37.6875  -11.75  -2.375
1798948664056770  42.25  -17.5625  -1.4375
1798948684055208  37.9375  -39.375  -2.5
1798948704056770  44.5625  -35.8125  -2.5625
1798948724055208  55.3125  -35.125  3.0625
1798948744055208  48.3125  -33.375  4.625
1798948764055208  43.8125  -26.875  6.0625
1798948784055208  40.125  -27.875  6.0625
1798948804055208  34.25  -19.8125  5.0625
1798948824055208  32.6875  -11.625  9.6875
1798948844055208  29.0  -3.4375  10.25
1798948864055208  26.6875  4.75  14.9375
1798948884056770  27.5  6.3125  14.0625
1798948904056770  28.3125  7.125  14.875
1798948924056770  30.8125  2.75  13.375
1798948944056770  33.3125  -3.125  10.3125
1798948964056770  32.625  -2.375  7.875
1798948984055208  31.0625  -4.0  7.875
1798949004056770  32.6875  -11.5625  8.0625
1798949024056770  37.5  -25.0  6.0
1798949044056770  51.625  -27.0625  6.875
1798949064055208  58.375  -43.3125  0.875
1798949084056770  46.6875  -36.4375  -1.75
1798949104056770  36.75  -15.0  1.6875
1798949124055208  32.1875  1.5  5.3125
1798949144056770  38.625  -8.0  4.0
1798949164056770  39.375  -18.6875  3.4375
1798949184056770  47.375  -37.1875  -0.125
1798949204055208  42.625  -43.6875  0.0
1798949224056770  33.3125  -23.625  0.3125
1798949244056770  25.1875  4.0625  5.25
1798949264056770  34.0625  -2.25  8.625
1798949284055208  34.5  -16.6875  2.5625
1798949304056770  34.75  -12.8125  2.4375
1798949324055208  34.0  -13.6875  4.875
1798949344055208  31.0  -15.4375  4.125
1798949364055208  31.125  -13.8125  0.0625
1798949384056770  32.125  -9.1875  2.375
1798949404055208  33.5  -9.8125  1.5625
1798949424056770  33.5  -10.625  1.625
1798949444056770  34.25  -9.75  -0.8125
1798949464055208  33.875  -15.125  0.125
1798949484056770  32.3125  -16.8125  -0.6875
1798949504055208  29.9375  -20.6875  -4.625
1798949524056770  31.25  -22.1875  -3.75
1798949544055208  35.0  -19.5625  -6.25
1798949564055208  35.0  -19.5625  -6.25
1798949584055208  34.875  -21.125  -4.5625
1798949604055208  34.6875  -24.125  -6.9375
1798949624055208  35.25  -26.4375  -6.0625
1798949644055208  36.0  -25.625  -5.25
1798949664055208  36.5  -28.5625  -8.4375
1798949684055208  37.5625  -23.875  -8.5625
1798949704055208  38.625  -28.4375  -6.8125
1798949724056770  37.6875  -21.625  -7.0
1798949744055208  35.125  -17.3125  -1.4375
1798949764055208  37.0625  -21.0625  0.25
1798949784056770  37.5625  -34.0  -2.625
1798949804055208  40.5  -43.75  -3.1875
1798949824055208  51.0625  -35.4375  2.25
1798949844055208  49.75  -33.1875  0.5625
1798949864055208  46.375  -30.4375  2.9375
1798949884055208  40.0625  -29.375  3.6875
1798949904055208  36.75  -25.8125  4.375
1798949924055208  30.9375  -16.25  5.75
1798949944055208  29.375  -8.0  8.0
1798949964055208  27.3125  3.3125  11.75
1798949984055208  28.8125  4.25  10.0625
1798950004055208  31.0625  5.9375  10.0625
1798950024055208  30.4375  7.4375  10.0
1798950044055208  34.9375  0.125  8.625
1798950064055208  32.6875  -1.5625  5.4375
1798950084055208  34.5625  -5.25  5.5
1798950104055208  32.3125  -6.875  3.9375
1798950124055208  37.625  -23.375  2.75
1798950144055208  50.0  -29.375  1.3125
1798950164055208  57.9375  -38.75  -0.0625
1798950184055208  55.5  -42.625  -4.8125
1798950204055208  40.375  -24.5625  -2.875
1798950224055208  30.875  -6.9375  -0.125
1798950244055208  29.8125  -1.6875  3.0
1798950264055208  34.3125  -9.0  1.5625
1798950284055208  36.1875  -22.625  -1.3125
1798950304055208  44.25  -30.4375  -2.75
1798950324055208  49.875  -41.5625  -1.625
1798950344055208  36.9375  -11.8125  -0.75
1798950364055208  26.125  7.1875  6.0
1798950384055208  31.25  -1.625  3.8125
1798950404055208  32.75  -21.375  1.0625
1798950424055208  28.5  -21.0  4.25
1798950444056770  33.5  -20.6875  6.6875
1798950464055208  33.1875  -15.3125  5.75
1798950484055208  32.1875  -8.5  6.375
1798950504056770  34.5625  -5.25  7.125
1798950524056770  34.375  -7.5625  5.5625
1798950544056770  35.6875  -9.6875  2.375
1798950564055208  35.375  -14.375  3.3125
1798950584055208  33.3125  -12.875  0.875
1798950604056770  30.375  -14.0  4.875
1798950624056770  33.625  -19.0625  1.8125
1798950644055208  35.0  -19.625  -2.1875
1798950664056770  36.9375  -22.5  -4.5625
1798950684056770  34.1875  -20.4375  -3.8125
1798950704055208  34.0625  -22.75  -2.9375
1798950724055208  34.625  -24.9375  -6.125
1798950744056770  33.8125  -26.5625  -3.625
1798950764056770  38.125  -25.5  -4.5
1798950784056770  37.125  -30.125  -7.5625
1798950804055208  36.625  -27.125  -6.0625
1798950824055208  40.0625  -28.375  -5.1875
1798950844055208  35.375  -24.125  -4.5
1798950864055208  37.0625  -20.25  -2.1875
1798950884056770  37.6875  -21.8125  0.25
1798950904055208  37.8125  -30.9375  -1.125
1798950924055208  38.0  -37.8125  -1.75
1798950944056770  49.625  -35.5625  3.0625
1798950964055208  50.375  -34.75  3.875
1798950984055208  48.625  -29.5625  6.125
1798951004055208  41.9375  -33.125  7.0
1798951024055208  35.75  -29.75  6.9375
1798951044055208  31.375  -20.875  7.5
1798951064056770  31.9375  -12.4375  10.5
1798951084056770  28.25  -3.5625  11.875
1798951104055208  29.0625  -2.75  12.6875
1798951124055208  29.6875  -3.4375  11.875
1798951144055208  34.5  3.8125  11.75
1798951164055208  36.5  1.6875  11.0
1798951184055208  33.375  -1.5625  8.625
1798951204056770  32.5  -3.875  7.0625
1798951224056770  30.4375  -3.25  7.0625
1798951244055208  36.75  -15.0625  5.75
1798951264055208  46.625  -26.5625  2.8125
1798951284056770  57.75  -31.125  2.1875
1798951304056770  60.75  -50.0625  1.0
1798951324056770  46.75  -35.625  -3.375
1798951344055208  38.6875  -17.9375  2.625
1798951364055208  34.125  -1.4375  4.625
1798951384055208  39.9375  -10.1875  4.0
1798951404055208  38.25  -14.125  2.5
1798951424056770  43.875  -25.1875  0.375
1798951444055208  46.625  -37.25  -0.125
1798951464056770  43.625  -29.0625  0.4375
1798951484056770  33.8125  -6.0625  4.6875
1798951504055208  30.125  2.875  6.875
1798951524055208  35.8125  -18.25  7.4375
1798951544056770  30.5  -23.0625  0.3125
1798951564056770  36.0  -15.875  5.75
1798951584055208  35.5625  -11.3125  4.875
1798951604055208  34.75  -12.875  4.875
1798951624056770  34.1875  -10.625  4.0
1798951644056770  33.5  -10.625  3.1875
1798951664056770  32.0625  -10.75  4.0
1798951684056770  32.5625  -13.6875  0.0625
1798951704056770  36.0625  -14.25  1.6875
1798951724055208  34.0  -13.625  1.6875
1798951744056770  34.0  -13.6875  2.5
1798951764055208  33.6875  -18.25  1.8125
1798951784055208  36.5625  -17.25  0.1875
1798951804055208  35.1875  -16.5625  0.125
1798951824055208  34.3125  -19.0  1.8125
1798951844055208  34.6875  -24.25  -2.0625
1798951864055208  34.125  -22.0  -2.9375
1798951884055208  38.25  -24.0  -2.875
1798951904055208  38.125  -26.3125  -2.0625
1798951924055208  39.4375  -27.75  -2.8125
1798951944055208  40.8125  -28.375  -3.5625
1798951964056770  39.25  -30.0625  -3.5625
1798951984055208  37.0625  -20.25  -1.375
1798952004055208  38.0625  -16.375  0.9375
1798952024056770  40.0625  -18.625  3.4375
1798952044056770  41.25  -32.3125  1.375
1798952064055208  40.1875  -37.75  2.3125
1798952084055208  50.4375  -34.0  5.4375
1798952104055208  47.1875  -29.6875  6.9375
1798952124055208  44.375  -29.1875  10.125
1798952144056770  40.1875  -28.0  11.6875
1798952164056770  33.9375  -25.3125  8.4375
1798952184056770  35.0625  -19.125  10.6875
1798952204055208  29.3125  -8.8125  12.0
1798952224056770  30.375  -4.25  15.125
1798952244055208  30.625  -0.375  15.875
1798952264055208  31.3125  -1.125  16.6875
1798952284056770  35.0625  1.4375  16.625
1798952304056770  34.3125  1.4375  15.0
1798952324055208  34.75  -2.3125  11.875
1798952344055208  32.625  -2.375  8.625
1798952364055208  35.0625  -8.375  10.4375
1798952384056770  40.625  -21.0  9.9375
1798952404055208  51.3125  -31.6875  6.1875
1798952424055208  60.8125  -38.6875  6.375
1798952444056770  54.0625  -43.625  0.875
1798952464055208  41.6875  -26.125  1.1875
1798952484055208  34.0625  -12.25  8.0625
1798952504055208  37.1875  -8.9375  8.0
1798952524055208  40.3125  -14.8125  7.375
1798952544055208  42.9375  -28.4375  5.3125
1798952564055208  47.5  -34.9375  3.0625
1798952584056770  42.625  -33.0  2.1875
1798952604055208  33.875  -4.5  4.6875
1798952624055208  31.625  3.6875  10.125
1798952644055208  34.625  -14.5  8.125
1798952664055208  31.6875  -26.1875  4.375
1798952684056770  30.9375  -16.3125  7.375
1798952704056770  31.875  -13.1875  8.9375
1798952724056770  31.75  -15.4375  6.5625
1798952744055208  32.0625  -10.8125  6.4375
1798952764056770  32.6875  -11.5  5.625
1798952784056770  32.75  -10.75  4.8125
1798952804056770  34.875  -11.375  5.625
1798952824056770  34.1875  -10.5625  2.4375
1798952844056770  32.6875  -11.4375  1.625
1798952864056770  31.1875  -13.0625  0.875
1798952884055208  33.1875  -14.4375  1.6875
1798952904056770  33.0  -17.5  -1.4375
1798952924056770  34.75  -23.5625  0.3125
1798952944055208  36.5  -18.75  -2.25
1798952964055208  36.1875  -22.625  -0.5
1798952984055208  33.375  -22.0  -4.5625
1798953004055208  34.625  -25.0  -3.6875
1798953024055208  33.25  -24.3125  -4.5
1798953044055208  33.875  -25.875  -2.0625
1798953064056770  35.9375  -26.4375  -2.8125
1798953084055208  36.875  -23.3125  -2.125
1798953104055208  33.125  -15.875  -3.9375
1798953124055208  36.0  -15.0  1.6875
1798953144056770  35.625  -20.4375  2.625
1798953164056770  35.375  -35.0625  3.0
1798953184056770  39.4375  -38.5625  1.5
1798953204056770  51.0  -36.25  3.875
1798953224055208  48.4375  -31.9375  7.8125
1798953244055208  41.625  -27.0625  8.5
1798953264055208  38.6875  -28.8125  7.6875
1798953284055208  31.3125  -21.6875  8.3125
1798953304055208  29.0  -13.5  13.75
1798953324056770  26.8125  -4.4375  13.5
1798953344055208  26.625  3.9375  16.5625
1798953364055208  28.1875  5.625  14.875
1798953384056770  29.9375  -0.4375  15.875
1798953404056770  30.8125  1.9375  15.0
1798953424056770  34.8125  -1.5625  13.5
1798953444056770  33.3125  -3.1875  12.6875
1798953464056770  31.3125  -1.0  11.0
1798953484055208  32.25  -7.75  7.1875
1798953504055208  39.8125  -22.625  9.1875
1798953524056770  53.875  -25.375  8.5
1798953544056770  60.6875  -41.0  7.25
1798953564056770  51.625  -37.0  6.3125
1798953584056770  37.9375  -18.0625  7.4375
1798953604056770  29.9375  0.5625  6.9375
1798953624055208  39.125  -1.25  12.6875
1798953644055208  43.0625  -16.25  9.8125
1798953664056770  47.5  -25.0625  6.8125
1798953684055208  51.375  -40.875  5.625
1798953704056770  41.75  -25.375  2.0
1798953724055208  28.25  6.5  9.25
1798953744055208  31.6875  5.1875  10.875
1798953764055208  36.25  -22.0  5.125
1798953784055208  32.3125  -16.875  4.1875
1798953804055208  36.8125  -14.3125  5.75
1798953824055208  33.5  -9.875  4.0
1798953844055208  34.375  -8.375  6.375
1798953864056770  33.8125  -6.0  3.9375
1798953884056770  34.5  -6.0  3.9375
1798953904055208  35.25  -5.875  3.125
1798953924056770  36.3125  -10.4375  3.1875
1798953944055208  33.4375  -10.5625  0.8125
1798953964055208  34.0  -13.625  0.875
1798953984056770  34.0  -12.8125  -0.75
1798954004056770  34.5  -16.625  -0.6875
1798954024055208  36.8125  -14.125  -2.3125
1798954044055208  38.5625  -9.375  -2.4375
1798954064056770  37.5  -14.0625  -2.3125
1798954084055208  38.4375  -20.875  -4.5625
1798954104055208  35.6875  -19.5  -5.4375
1798954124055208  37.0  -21.6875  -5.375
1798954144056770  38.875  -25.4375  -4.4375
1798954164055208  39.1875  -20.8125  -5.375
1798954184055208  42.0  -21.3125  -7.0
1798954204056770  39.8125  -21.4375  -8.5625
1798954224056770  38.875  -14.8125  0.125
1798954244055208  41.9375  -12.25  0.875
1798954264055208  44.125  -22.0625  -0.5
1798954284056770  40.5  -33.125  0.5625
1798954304055208  45.75  -28.9375  3.6875
1798954324055208  53.75  -26.875  6.875
1798954344055208  45.8125  -29.0625  9.3125
1798954364055208  42.4375  -26.1875  7.625
1798954384055208  38.4375  -21.9375  10.75
1798954404055208  36.5625  -18.3125  11.4375
1798954424055208  34.0625  -13.1875  16.1875
1798954444055208  30.125  2.6875  13.375
1798954464055208  30.875  2.625  20.625
1798954484055208  29.0  7.125  17.25
1798954504055208  34.0625  8.3125  17.25
1798954524055208  36.0  4.5625  17.375
1798954544055208  38.625  1.75  15.0
1798954564056770  37.875  1.75  14.1875
1798954584055208  37.0  -1.375  11.0625
1798954604055208  37.9375  -8.1875  11.25
1798954624055208  45.5625  -22.1875  8.375
1798954644055208  56.0625  -24.4375  6.8125
1798954664055208  62.9375  -38.5  7.1875
1798954684056770  50.0  -30.1875  2.9375
1798954704055208  41.3125  -10.9375  6.4375
1798954724055208  37.625  -2.0  7.875
1798954744055208  40.75  -8.6875  8.8125
1798954764056770  42.25  -17.875  10.6875
1798954784055208  46.5625  -28.1875  6.875
1798954804056770  38.6875  -27.9375  5.25
1798954824055208  31.9375  -1.75  13.5
1798954844055208  33.875  5.25  14.125
1798954864056770  41.0625  -4.1875  13.5625
1798954884056770  35.625  -21.375  9.125
1798954904056770  33.3125  -3.125  9.5
1798954924055208  33.3125  -3.375  19.9375
1798954944056770  32.5  -3.9375  9.5
1798954964056770  31.375  -10.1875  10.4375
1798954984056770  36.25  -1.5625  17.5
1798955004055208  31.9375  -1.625  6.1875
1798955024056770  34.0625  -2.125  3.0
1798955044056770  35.4375  -2.8125  3.0
1798955064056770  34.0625  -2.125  2.1875
1798955084056770  33.25  -2.9375  0.625
1798955104056770  31.8125  -3.75  -0.1875
1798955124055208  32.9375  -7.5  -1.6875
1798955144055208  32.875  -9.125  0.75
1798955164055208  36.8125  -14.125  -1.5
1798955184055208  34.5625  -15.0  -3.9375
1798955204055208  35.0625  -18.0  -4.6875
1798955224055208  33.0625  -15.8125  -7.125
1798955244055208  37.375  -15.5625  -5.5
1798955264055208  38.5  -20.0625  -6.1875
1798955284056770  37.25  -17.8125  -6.25
1798955304056770  38.625  -18.5625  -4.625
1798955324055208  35.25  -15.6875  -5.5
1798955344055208  35.125  -7.375  -0.0625
1798955364055208  36.625  -6.4375  -1.6875
1798955384056770  39.375  -17.875  1.8125
1798955404055208  34.875  -32.0  0.5
1798955424055208  45.125  -28.25  4.5
1798955444056770  54.25  -29.875  5.375
1798955464055208  45.5625  -22.1875  10.0
1798955484055208  36.625  -27.4375  10.0625
1798955504055208  34.0625  -23.0  9.1875
1798955524055208  32.6875  -12.5  14.5625
1798955544055208  29.125  -1.25  15.875
1798955564055208  27.625  7.8125  18.0625
1798955584055208  27.0625  9.9375  22.0625
1798955604055208  29.0  7.0625  22.125
1798955624055208  32.625  8.125  18.875
1798955644056770  35.3125  5.25  18.9375
1798955664055208  33.8125  4.5  14.125
1798955684055208  36.5  1.625  13.375
1798955704056770  33.5625  0.625  13.4375
1798955724056770  37.25  -8.3125  13.625
1798955744055208  44.9375  -20.75  10.75
1798955764055208  52.625  -23.25  12.4375
1798955784055208  57.125  -30.5  7.8125
1798955804055208  46.125  -24.3125  4.375
1798955824055208  37.5  -14.25  6.5625
1798955844055208  34.875  -0.75  11.0625
1798955864055208  40.1875  -6.5  10.375
1798955884055208  42.0  -11.625  7.3125
1798955904056770  47.1875  -18.9375  8.3125
1798955924056770  49.375  -28.75  6.125
1798955944055208  43.125  -26.0625  4.4375
1798955964056770  32.1875  1.375  10.1875
1798955984056770  30.5625  8.875  13.1875
1798956004055208  35.25  -6.125  12.75
1798956024056770  32.125  -20.0625  9.0625
1798956044056770  33.375  -12.3125  8.0625
1798956064056770  34.375  -8.375  8.8125
1798956084055208  33.25  -3.9375  10.3125
1798956104055208  32.75  -0.875  10.25
1798956124056770  31.875  -2.375  7.0625
1798956144055208  33.875  -4.5625  7.125
1798956164055208  33.9375  -3.8125  7.875
1798956184055208  33.5  -9.9375  6.4375
1798956204055208  34.0  -3.0  5.4375
1798956224055208  32.375  -6.25  8.75
1798956244055208  31.5625  -7.75  4.75
1798956264055208  34.375  -8.3125  4.75
1798956284055208  35.0  -9.0  4.0
1798956304055208  34.875  -10.5625  4.0
1798956324055208  36.25  -11.9375  2.4375
1798956344055208  32.75  -10.6875  2.4375
1798956364055208  36.25  -12.0  4.875
1798956384055208  35.4375  -12.75  1.6875
1798956404056770  35.125  -17.4375  3.375
1798956424055208  38.8125  -15.5625  1.75
1798956444055208  39.625  -14.8125  4.125
1798956464055208  35.625  -10.5  4.0
1798956484055208  36.5625  -7.4375  6.375
1798956504055208  40.25  -5.6875  9.5625
1798956524055208  39.625  -15.0  11.375
1798956544055208  37.125  -30.5625  12.5625
1798956564055208  39.4375  -38.875  14.375
1798956584055208  53.125  -36.375  15.1875
1798956604055208  45.5  -33.9375  20.75
1798956624055208  40.625  -32.0  20.6875
1798956644055208  38.0625  -27.6875  23.8125
1798956664055208  31.3125  -22.0625  25.25
1798956684055208  27.0625  -11.6875  27.375
1798956704055208  29.6875  -4.5625  27.25
1798956724055208  28.375  -2.375  28.8125
1798956744056770  30.625  -0.6875  30.375
1798956764055208  31.9375  -2.8125  26.375
1798956784055208  34.5  -7.25  25.6875
1798956804055208  37.125  -10.0625  24.1875
1798956824055208  34.875  -11.75  23.375
1798956844055208  33.375  -12.625  23.4375
1798956864055208  33.1875  -15.75  23.5
1798956884055208  35.875  -28.5625  23.8125
1798956904055208  45.6875  -30.9375  23.0625
1798956924056770  56.5625  -38.5625  22.5
1798956944056770  50.625  -42.0  19.3125
1798956964056770  44.5  -37.8125  18.4375
1798956984055208  40.75  -19.6875  19.5625
1798957004056770  38.625  -9.125  20.9375
1798957024055208  44.875  -11.75  20.1875
1798957044055208  40.8125  -19.0  22.0
1798957064056770  45.0625  -29.375  19.0
1798957084056770  49.1875  -42.0625  17.75
1798957104055208  40.4375  -34.25  15.875
1798957124055208  29.375  -9.0  20.0625
1798957144056770  27.0625  -0.8125  23.9375
1798957164055208  32.4375  -15.8125  25.125
1798957184055208  31.75  -26.4375  18.125
1798957204055208  26.5  -19.25  21.9375
1798957224056770  29.625  -15.1875  21.0625
1798957244055208  27.8125  -10.6875  20.125
1798957264056770  25.6875  -10.8125  20.125
1798957284056770  27.9375  -9.125  20.875
1798957304055208  25.125  -7.8125  20.0625
1798957324056770  26.4375  -10.0  19.3125
1798957344055208  23.625  -9.5  21.6875
1798957364055208  23.25  -4.0  16.75
1798957384055208  23.0625  -7.1875  20.0
1798957404055208  21.5625  -8.0  17.625
1798957424056770  23.375  -13.25  17.75
1798957444055208  21.875  -14.0625  14.5625
1798957464055208  21.9375  -12.5  15.3125
1798957484055208  22.0625  -10.9375  14.4375
1798957504055208  21.5  -8.6875  13.625
1798957524055208  19.9375  -11.125  14.4375
1798957544055208  20.4375  -14.0625  11.3125
1798957564055208  19.0625  -13.4375  12.125
1798957584055208  21.875  -13.9375  10.5
1798957604056770  24.0  -13.8125  12.125
1798957624055208  24.75  -13.75  9.6875
1798957644056770  22.4375  -16.25  13.0
1798957664055208  19.375  -8.875  14.4375
1798957684055208  20.9375  -6.5  15.9375
1798957704055208  22.0  -11.875  20.125
1798957724055208  22.5  -25.625  18.875
1798957744055208  21.375  -31.875  19.8125
1798957764055208  31.3125  -32.75  23.0625
1798957784055208  29.0625  -34.5  24.75
1798957804055208  21.375  -32.0  27.0625
1798957824055208  18.0  -29.25  28.625
1798957844055208  11.9375  -24.3125  28.4375
1798957864055208  10.375  -16.0  29.875
1798957884056770  8.25  -4.75  36.0625
1798957904056770  9.625  -6.25  37.6875
1798957924056770  11.625  -7.625  36.125
1798957944056770  12.4375  -6.8125  36.875
1798957964056770  14.875  -12.75  37.0625
1798957984055208  14.8125  -13.5  34.625
1798958004056770  14.0  -15.125  37.125
1798958024055208  13.8125  -17.4375  35.5625
1798958044056770  12.9375  -20.625  38.0625
1798958064055208  16.25  -24.125  34.9375
1798958084055208  24.6875  -25.8125  34.1875
1798958104056770  32.0  -33.75  34.375
1798958124055208  35.3125  -47.1875  30.6875
1798958144055208  32.75  -43.5  29.0
1798958164056770  25.1875  -28.75  31.0
1798958184055208  25.125  -18.8125  32.375
1798958204055208  25.9375  -18.0625  34.0
1798958224056770  24.0625  -24.3125  33.3125
1798958244056770  26.75  -37.125  32.875
1798958264055208  19.75  -35.25  27.125
1798958284055208  14.25  -21.875  30.0
1798958304055208  7.25  -9.375  31.3125
1798958324055208  12.6875  -12.8125  33.0
1798958344055208  13.9375  -26.4375  28.5
1798958364055208  10.125  -19.0625  28.3125
1798958384055208  7.5625  -14.6875  30.625
1798958404055208  9.1875  -12.25  28.9375
1798958424055208  6.4375  -10.875  28.9375
1798958444055208  6.5  -10.0625  27.3125
1798958464055208  7.3125  -8.5  26.4375
1798958484055208  6.4375  -10.0625  24.875
1798958504055208  6.4375  -10.0625  24.875
1798958524055208  7.1875  -9.9375  24.0625
1798958544055208  4.375  -9.3125  19.1875
1798958564055208  3.875  -6.25  18.3125
1798958584055208  3.6875  -8.625  20.8125
1798958604055208  5.0  -10.0  17.625
1798958624055208  6.9375  -12.9375  17.6875
1798958644056770  4.375  -9.1875  15.1875
1798958664055208  4.125  -13.0625  16.0625
1798958684055208  1.1875  -14.0  14.5
1798958704055208  4.6875  -14.5  12.875
1798958724055208  4.625  -15.25  11.3125
1798958744055208  6.0  -16.6875  12.125
1798958764055208  7.5  -15.8125  12.9375
1798958784055208  7.6875  -12.625  8.8125
1798958804055208  6.9375  -13.5625  12.875
1798958824055208  6.3125  -12.125  13.625
1798958844055208  7.8125  -11.3125  17.6875
1798958864055208  8.3125  -14.375  17.75
1798958884055208  7.5  -25.9375  17.1875
1798958904055208  10.75  -31.0625  16.5625
1798958924055208  19.375  -29.6875  18.9375
1798958944055208  15.6875  -31.5625  20.5625
1798958964055208  7.6875  -33.625  20.625
1798958984056770  7.9375  -29.8125  22.125
1798959004055208  6.0625  -26.1875  26.0625
1798959024055208  3.1875  -16.5  29.0625
1798959044056770  3.5  -12.0  33.0
1798959064055208  0.875  -8.3125  33.6875
1798959084055208  5.875  -8.6875  32.0625
1798959104055208  6.75  -6.375  32.875
1798959124055208  10.8125  -9.0625  31.3125
1798959144055208  12.1875  -9.8125  32.9375
1798959164055208  15.5  -13.375  31.4375
1798959184055208  12.1875  -10.5625  31.375
1798959204055208  12.0  -12.875  32.1875
1798959224055208  15.75  -20.25  30.0
1798959244055208  24.6875  -25.6875  29.3125
1798959264055208  34.0  -35.75  28.8125
1798959284055208  31.5625  -49.6875  25.125
1798959304055208  20.8125  -40.3125  19.1875
1798959324055208  14.375  -19.4375  25.9375
1798959344055208  12.125  -10.5  30.5625
1798959364055208  21.6875  -17.4375  29.125
1798959384055208  20.5625  -22.875  26.0625
1798959404055208  25.25  -27.125  26.125
1798959424055208  25.4375  -35.5  23.125
1798959444055208  18.1875  -26.8125  24.5
1798959464055208  7.75  -12.25  24.9375
1798959484055208  8.125  -6.9375  28.8125
1798959504055208  13.9375  -25.625  24.5
1798959524055208  8.0  -19.0625  21.875
1798959544055208  10.125  -9.0  24.875
1798959564055208  9.875  -12.0625  22.5
1798959584055208  10.0625  -9.75  23.25
1798959604055208  8.25  -4.5  22.3125
1798959624055208  6.0  -6.0625  17.5
1798959644055208  5.6875  -10.6875  18.4375
1798959664055208  4.875  -12.3125  18.5
1798959684055208  6.5625  -8.3125  15.9375
1798959704055208  5.875  -7.625  17.5625
1798959724055208  2.4375  -6.3125  15.9375
1798959744055208  3.875  -6.125  14.3125
1798959764055208  6.5625  -8.1875  12.75
1798959784055208  8.625  -9.625  12.8125
1798959804055208  5.1875  -7.5  11.125
1798959824055208  6.1875  -13.5625  8.8125
1798959844055208  5.875  -18.1875  8.9375
1798959864055208  7.625  -13.375  5.625
1798959884055208  13.25  -14.5625  10.5
1798959904055208  12.0625  -10.75  7.1875
1798959924055208  12.0  -12.3125  8.0
1798959944056770  12.0  -12.3125  8.8125
1798959964055208  6.875  -14.1875  6.4375
1798959984055208  6.5  -8.875  8.75
1798960004055208  10.3125  -5.625  11.0625
1798960024055208  11.75  -16.375  16.1875
1798960044055208  10.1875  -27.9375  14.875
1798960064056770  13.1875  -26.1875  14.8125
1798960084056770  23.8125  -27.8125  17.3125
1798960104055208  16.0  -26.875  20.5
1798960124055208  11.625  -28.75  18.875
1798960144056770  8.875  -27.5  24.5
1798960164056770  7.25  -20.0  27.5625
1798960184055208  6.4375  -10.8125  26.5
1798960204055208  3.25  -5.0  29.5625
1798960224056770  4.8125  -3.375  31.125
1798960244055208  6.9375  -3.3125  33.5625
1798960264056770  11.25  -3.0  35.1875
1798960284056770  15.4375  -4.1875  34.4375
1798960304055208  17.3125  -7.875  32.9375
1798960324055208  16.1875  -4.0625  30.375
1798960344055208  19.625  -5.375  32.0625
1798960364055208  20.125  -9.1875  32.125
1798960384055208  21.75  -16.0  32.3125
1798960404056770  29.75  -24.5625  30.125
1798960424056770  34.4375  -28.75  27.0
1798960444055208  35.6875  -41.625  23.3125
1798960464055208  22.125  -31.1875  26.25
1798960484056770  14.75  -14.125  29.0
1798960504055208  14.5  -7.3125  31.25
1798960524055208  23.375  -13.5  29.875
1798960544056770  23.5625  -21.1875  29.25
1798960564055208  30.9375  -27.5  27.0
1798960584055208  35.0625  -40.9375  24.9375
1798960604055208  29.625  -25.9375  21.3125
1798960624055208  13.6875  1.9375  27.8125
1798960644056770  13.375  7.1875  32.5625
1798960664056770  15.0  -10.25  28.9375
1798960684055208  12.75  -22.625  23.5625
1798960704055208  10.375  -15.125  24.1875
1798960724056770  11.5625  -8.875  23.25
1798960744056770  11.0625  -5.0625  23.125
1798960764056770  9.75  -3.5625  22.3125
1798960784055208  12.6875  -2.6875  24.6875
1798960804055208  10.3125  -5.8125  20.75
1798960824056770  10.3125  -5.6875  15.9375
1798960844055208  9.5625  -6.5625  17.5625
1798960864055208  9.5625  -5.8125  17.5
1798960884055208  8.6875  -8.9375  16.8125
1798960904055208  9.375  -8.75  12.75
1798960924055208  10.4375  -3.3125  12.625
1798960944055208  9.75  -3.4375  15.0625
1798960964055208  10.6875  -0.25  12.5625
1798960984055208  11.1875  -3.25  11.0
1798961004055208  10.1875  -7.125  9.5
1798961024055208  10.1875  -7.0625  6.25
1798961044055208  13.1875  -5.3125  8.6875
1798961064055208  11.5625  -7.75  8.6875
1798961084055208  12.875  -10.0  10.375
1798961104055208  15.125  -8.25  7.125
1798961124055208  12.875  -9.9375  7.1875
1798961144055208  13.5625  -9.9375  8.75
1798961164055208  13.0  -7.6875  10.3125
1798961184055208  15.25  -6.0625  12.6875
1798961204055208  17.1875  -9.8125  16.0625
1798961224055208  19.625  -15.75  15.375
1798961244055208  21.125  -24.875  15.625
1798961264055208  23.375  -23.1875  17.1875
1798961284055208  19.375  -19.0  21.9375
1798961304056770  12.8125  -21.8125  21.9375
1798961324055208  12.1875  -20.4375  27.5625
1798961344055208  10.25  -17.5  26.6875
1798961364055208  10.5625  -12.875  28.1875
1798961384055208  9.8125  -13.8125  32.25
1798961404055208  8.0625  -7.875  35.3125
1798961424056770  12.4375  -6.8125  38.5
1798961444055208  11.875  -4.5  36.0625
1798961464055208  16.25  -2.6875  37.625
1798961484055208  18.1875  -5.625  37.6875
1798961504055208  18.6875  -8.625  36.1875
1798961524055208  20.0625  -10.0  34.5625
1798961544055208  16.6875  -7.25  36.125
1798961564055208  16.75  -6.5  36.9375
1798961584056770  16.625  -8.0  34.5
1798961604055208  20.3125  -16.875  32.3125
1798961624055208  29.875  -22.25  30.0625
1798961644055208  36.8125  -35.5625  30.4375
1798961664055208  33.375  -44.1875  27.375
1798961684055208  22.3125  -28.9375  27.8125
1798961704055208  15.0625  -9.5625  32.125
1798961724055208  18.0625  -7.875  34.5
1798961744055208  24.8125  -13.4375  29.875
1798961764055208  26.25  -23.375  32.5
1798961784055208  32.0  -32.8125  27.125
1798961804055208  29.3125  -30.6875  26.25
1798961824055208  21.3125  -12.125  28.1875
1798961844055208  11.6875  3.25  32.625
1798961864055208  13.8125  3.4375  31.0
1798961884055208  17.75  -12.4375  30.625
1798961904055208  18.0  -19.25  28.375
1798961924055208  17.5625  -14.625  25.0
1798961944055208  19.5625  -6.0625  27.25
1798961964055208  18.75  3.125  27.0
1798961984056770  15.25  3.625  27.0
1798962004055208  12.625  -3.4375  25.5625
1798962024055208  11.875  -3.5  25.5625
1798962044055208  13.0625  -7.3125  26.4375
1798962064055208  11.5625  -8.0625  22.4375
1798962084055208  8.875  -5.9375  21.5625
1798962104055208  9.5625  -6.6875  21.5625
1798962124055208  11.125  -4.25  20.6875
1798962144055208  11.6875  -6.5  20.0
1798962164055208  10.6875  -0.4375  22.25
1798962184055208  8.4375  -2.125  20.6875
1798962204055208  9.3125  0.3125  18.1875
1798962224055208  7.125  0.125  18.1875
1798962244055208  6.1875  -3.8125  19.0625
1798962264056770  7.0  -2.125  17.4375
1798962284055208  6.1875  -2.9375  15.8125
1798962304055208  3.375  -2.4375  17.4375
1798962324055208  4.25  0.0  15.75
1798962344055208  3.4375  -1.5625  14.1875
1798962364055208  3.5  -0.75  11.75
1798962384055208  4.25  0.0  14.125
1798962404055208  3.625  0.75  14.125
1798962424055208  2.1875  0.6875  13.3125
1798962444055208  6.6875  -6.6875  14.3125
1798962464055208  2.5  -5.5  14.25
1798962484055208  2.625  -3.125  12.625
1798962504055208  5.5625  -2.1875  15.8125
1798962524055208  6.4375  0.125  17.375
1798962544055208  8.9375  -5.125  19.9375
1798962564055208  11.375  -11.125  20.0625
1798962584055208  14.8125  -13.1875  20.9375
1798962604056770  13.3125  -14.0625  21.75
1798962624055208  3.1875  -16.3125  20.1875
1798962644056770  -7.0625  -9.4375  22.375
1798962664056770  -12.8125  -9.8125  20.8125
1798962684056770  -10.625  1.0  24.5625
1798962704055208  -7.625  2.6875  27.75
1798962724056770  -7.6875  1.875  31.0
1798962744056770  -4.3125  -1.0  31.875
1798962764055208  -7.25  -1.9375  30.25
1798962784055208  -6.75  -5.0  31.9375
1798962804055208  -8.0  -13.5625  33.0
1798962824055208  -10.625  -9.8125  28.875
1798962844055208  -11.8125  -6.125  32.0
1798962864055208  -11.9375  -8.4375  29.625
1798962884055208  -15.5625  -8.6875  28.8125
1798962904055208  -14.875  -9.375  27.1875
1798962924055208  -14.0625  -7.8125  29.5625
1798962944055208  -16.25  -8.6875  27.1875
1798962964055208  -17.625  -8.0  25.5625
1798962984055208  -16.3125  -9.375  24.8125
1798963004055208  -15.125  -13.125  23.25
1798963024055208  -13.125  -14.5  24.125
1798963044055208  -13.5625  -10.6875  24.0
1798963064055208  -14.3125  -11.4375  20.0
1798963084055208  -16.25  -8.5625  21.5625
1798963104055208  -17.625  -7.875  20.75
1798963124055208  -17.6875  -8.625  21.5625
1798963144055208  -15.625  -9.25  20.75
1798963164055208  -13.4375  -9.125  20.75
1798963184055208  -13.625  -11.4375  22.4375
1798963204055208  -15.0625  -12.25  20.0
1798963224055208  -12.25  -12.0  17.625
1798963244055208  -8.375  -17.875  19.375
1798963264055208  -9.125  -18.625  15.375
1798963284055208  -8.1875  -15.5625  16.875
1798963304055208  -12.8125  -10.4375  14.375
1798963324055208  -17.1875  -0.8125  15.6875
1798963344055208  -19.75  3.625  16.375
1798963364055208  -19.25  0.5625  15.6875
1798963384055208  -17.3125  -2.3125  14.125
1798963404055208  -16.5  -1.4375  12.5
1798963424055208  -15.625  0.9375  10.8125
1798963444055208  -16.5625  -2.125  7.6875
1798963464055208  -16.8125  -5.25  9.375
1798963484056770  -16.625  -13.5625  3.9375
1798963504055208  -19.0  -6.1875  9.375
1798963524055208  -17.9375  -11.375  6.3125
1798963544055208  -17.4375  -4.5  6.9375
1798963564055208  -15.875  -2.0  3.6875
1798963584055208  -18.125  -3.6875  4.5
1798963604055208  -16.6875  -3.5  1.25
1798963624055208  -15.9375  -2.6875  1.25
1798963644055208  -18.75  -2.125  2.0625
1798963664055208  -18.8125  -2.875  1.25
1798963684055208  -21.6875  -3.8125  -1.125
1798963704055208  -19.5625  -3.625  -2.75
1798963724055208  -19.5  -2.875  -2.0
1798963744055208  -18.8125  -3.625  -1.125
1798963764055208  -18.9375  -5.0625  -4.3125
1798963784055208  -17.625  -6.5  -6.6875
1798963804055208  -19.6875  -5.875  -5.125
1798963824055208  -17.4375  -3.375  -6.8125
1798963844056770  -18.125  -3.4375  -6.0
1798963864055208  -19.375  -1.25  -6.875
1798963884055208  -15.9375  -2.5625  -5.1875
1798963904056770  -20.25  -2.75  -9.25
1798963924055208  -17.4375  -3.3125  -10.0
1798963944056770  -19.625  -4.25  -10.8125
1798963964056770  -18.75  -1.875  -9.25
1798963984056770  -18.125  -3.375  -10.0
1798964004055208  -14.9375  -8.6875  -3.4375
1798964024056770  -17.1875  -10.25  -8.25
1798964044055208  -18.375  -7.375  -3.5
1798964064056770  -18.1875  -4.125  -10.0
1798964084055208  -21.6875  -2.8125  -13.25
1798964104056770  -24.0625  3.8125  -6.1875
1798964124055208  -17.875  0.25  -0.4375
1798964144056770  -16.875  -5.625  -9.125
1798964164056770  -19.0625  -6.5  -9.9375
1798964184056770  -21.0625  -4.3125  -12.4375
1798964204055208  -22.4375  -3.5625  -14.875
1798964224055208  -18.5  -8.6875  -13.9375
1798964244056770  -20.8125  -1.3125  -6.875
1798964264055208  -21.75  -4.4375  -8.375
1798964284055208  -23.125  -3.75  -9.1875
1798964304056770  -20.75  0.1875  -6.0625
1798964324055208  -21.6875  -2.875  -8.4375
1798964344056770  -26.625  -2.375  -14.875
1798964364055208  -22.25  -1.4375  -6.875
1798964384055208  -20.8125  -1.25  -10.0625
1798964404055208  -21.5  -0.5  -11.6875
1798964424055208  -22.875  0.0625  -6.0625
1798964444055208  -21.4375  0.1875  -6.875
1798964464055208  -18.5625  -9.5  -10.6875
1798964484055208  -19.3125  -10.25  -13.875
1798964504055208  -19.0  -5.75  -9.125
1798964524055208  -21.125  -5.125  -10.0
1798964544055208  -21.8125  -5.1875  -9.1875
1798964564055208  -18.5625  -9.5625  -9.875
1798964584056770  -22.0625  -8.875  -16.3125
1798964604055208  -20.4375  -5.8125  -11.5625
1798964624055208  -25.5  -6.875  -15.5625
1798964644055208  -27.625  -6.1875  -18.0
1798964664055208  -21.3125  -8.1875  -11.5
1798964684055208  -22.1875  -10.4375  -15.5
1798964704055208  -21.75  -4.3125  -13.25
1798964724055208  -19.75  -6.4375  -14.75
1798964744055208  -22.9375  -11.25  -15.5
1798964764055208  -33.0625  -2.0  -17.3125
1798964784055208  -24.9375  -9.125  -14.75
1798964804055208  -23.875  -3.625  -18.0625
1798964824055208  -22.6875  -7.3125  -19.625
1798964844055208  -20.0625  -10.1875  -19.5
1798964864055208  -19.375  -11.125  -10.625
1798964884055208  -22.4375  -24.0  -29.6875
1798964904055208  -22.5625  -15.625  -25.875
1798964924055208  -24.0  -15.75  -25.875
1798964944055208  -25.9375  -12.875  -21.875
1798964964055208  -21.625  -22.5  -23.25
1798964984056770  -21.5625  -21.5  -33.75
1798965004056770  -17.3125  -22.0  -32.125
1798965024055208  -24.5625  -23.1875  -36.125
1798965044055208  -28.125  -13.5625  -34.0
1798965064055208  -18.25  -15.1875  -29.875
1798965084055208  -20.0625  -20.625  -34.5625
1798965104055208  -20.125  -21.4375  -33.75
1798965124055208  -16.875  -25.75  -36.0625
1798965144055208  -18.5  -28.875  -39.1875
1798965164055208  -15.75  -30.1875  -39.1875
1798965184056770  -14.25  -29.3125  -39.1875
1798965204055208  -11.3125  -27.5  -42.4375
1798965224055208  -10.0  -29.75  -39.9375
1798965244055208  -6.25  -26.4375  -38.4375
1798965264056770  -9.125  -27.375  -39.1875
1798965284055208  -10.3125  -23.625  -39.3125
1798965304055208  -8.6875  -31.1875  -39.9375
1798965324056770  -7.625  -26.5625  -38.4375
1798965344056770  -3.875  -23.25  -35.25
1798965364056770  -1.6875  -23.0625  -37.6875
1798965384055208  -1.125  -25.4375  -32.8125
1798965404055208  -1.125  -24.5625  -35.25
1798965424055208  -5.5625  -27.1875  -37.625
1798965444056770  -2.625  -26.1875  -38.4375
1798965464056770  -0.4375  -25.3125  -35.1875
1798965484055208  -1.4375  -29.25  -34.3125
1798965504055208  -3.375  -27.0625  -35.1875
1798965524056770  -1.375  -28.5  -33.5
1798965544055208  0.5  -32.1875  -34.25
1798965564055208  0.625  -30.625  -34.25
1798965584055208  0.75  -29.125  -33.5
1798965604055208  2.75  -31.25  -33.4375
1798965624055208  2.625  -32.875  -31.0
1798965644055208  0.375  -34.5  -32.5625
1798965664055208  2.0  -32.1875  -29.375
1798965684055208  -0.25  -33.125  -27.75
1798965704055208  -1.75  -34.75  -28.5625
1798965724055208  -1.1875  -37.0  -29.3125
1798965744055208  1.1875  -33.0  -28.5625
1798965764055208  3.125  -35.9375  -28.5
1798965784055208  2.625  -33.0  -26.125
1798965804055208  3.3125  -33.6875  -26.9375
1798965824055208  5.5  -32.75  -26.9375
1798965844055208  8.3125  -33.375  -22.875
1798965864055208  5.5  -32.8125  -22.9375
1798965884055208  6.25  -32.75  -23.75
1798965904055208  6.375  -30.4375  -23.0
1798965924055208  9.125  -32.625  -20.5
1798965944055208  6.3125  -31.25  -22.9375
1798965964055208  7.75  -31.125  -22.125
1798965984055208  2.1875  -40.0  -21.125
1798966004056770  -2.9375  -62.4375  -31.0625
1798966024055208  10.25  -26.375  -22.25
1798966044055208  10.1875  -27.125  -21.4375
1798966064055208  7.1875  -28.875  -22.1875
1798966084055208  6.625  -27.4375  -20.625
1798966104055208  13.3125  -33.8125  -21.25
1798966124055208  16.0  -35.875  -25.25
1798966144055208  20.375  -34.0  -26.0625
1798966164055208  22.9375  -28.4375  -26.1875
1798966184055208  26.5625  -27.4375  -23.0
1798966204055208  27.75  -30.375  -25.3125
1798966224055208  29.4375  -27.1875  -24.625
1798966244055208  27.0  -21.1875  -26.375
1798966264055208  28.9375  -23.4375  -22.25
1798966284055208  23.9375  -23.75  -25.5
1798966304055208  23.3125  -22.25  -25.5625
1798966324055208  22.5625  -23.0625  -26.3125
1798966344055208  24.3125  -18.3125  -26.4375
1798966364055208  23.625  -18.4375  -24.8125
1798966384055208  22.0625  -20.0  -26.4375
1798966404055208  22.0625  -20.0625  -24.8125
1798966424055208  21.5  -17.75  -25.6875
1798966444055208  21.6875  -15.4375  -26.5
1798966464055208  20.25  -15.5625  -26.5
1798966484055208  21.5625  -17.0625  -22.4375
1798966504055208  21.0  -14.75  -24.9375
1798966524055208  23.375  -11.5  -25.8125
1798966544055208  23.25  -13.0625  -24.9375
1798966564055208  22.75  -10.0625  -22.625
1798966584055208  23.4375  -10.0  -23.4375
1798966604055208  22.0  -10.875  -25.0
1798966624055208  23.3125  -12.25  -25.8125
1798966644055208  22.0  -10.875  -24.1875
1798966664055208  21.4375  -7.875  -22.6875
1798966684055208  21.25  -10.875  -25.8125
1798966704055208  21.9375  -11.625  -23.375
1798966724055208  24.75  -12.1875  -23.375
1798966744055208  22.5  -13.875  -26.5625
1798966764055208  21.1875  -11.6875  -25.0
1798966784055208  21.9375  -11.625  -25.0
1798966804055208  22.0  -10.8125  -25.8125
1798966824055208  23.4375  -9.9375  -25.8125
1798966844055208  21.9375  -11.625  -24.1875
1798966864055208  22.6875  -10.8125  -24.1875
1798966884055208  22.875  -7.75  -23.5
1798966904055208  22.8125  -9.25  -25.875
1798966924055208  22.625  -11.5625  -25.8125
1798966944055208  21.1875  -11.6875  -24.1875
1798966964055208  19.875  -10.3125  -22.625
1798966984055208  22.0  -10.875  -25.0
